   0.0000000e+00   7.1000000e+01   1.0000000e+00   1.0000000e+00   1.0000000e+00   8.3456271e+01   1.3509198e+02   3.7503016e+01   0.0000000e+00
   0.0000000e+00   8.2000000e+01   1.0000000e+00   0.0000000e+00   3.0000000e+00   7.9449753e+01   1.3281408e+02   3.6832310e+01   1.0000000e+00
   1.0000000e+00   6.5000000e+01   0.0000000e+00   0.0000000e+00   3.0000000e+00   8.5470779e+01   1.3733184e+02   3.7580005e+01   1.0000000e+00
   1.0000000e+00   6.4000000e+01   0.0000000e+00   0.0000000e+00   1.0000000e+00   5.1561135e+01   1.4929652e+02   3.6959370e+01   0.0000000e+00
   0.0000000e+00   8.5000000e+01   1.0000000e+00   0.0000000e+00   2.0000000e+00   8.9008377e+01   1.2142689e+02   3.7744883e+01   1.0000000e+00
   1.0000000e+00   5.9000000e+01   0.0000000e+00   0.0000000e+00   1.0000000e+00   7.1582639e+01   1.6488202e+02   3.6506535e+01   0.0000000e+00
   1.0000000e+00   6.5000000e+01   1.0000000e+00   0.0000000e+00   3.0000000e+00   8.3472313e+01   1.2391131e+02   3.7224752e+01   1.0000000e+00
   0.0000000e+00   7.6000000e+01   0.0000000e+00   1.0000000e+00   1.0000000e+00   6.0673001e+01   1.2931516e+02   3.6593506e+01   0.0000000e+00
   1.0000000e+00   6.7000000e+01   1.0000000e+00   0.0000000e+00   3.0000000e+00   7.8650587e+01   1.3867346e+02   3.8183641e+01   1.0000000e+00
   0.0000000e+00   8.2000000e+01   1.0000000e+00   1.0000000e+00   3.0000000e+00   6.4397785e+01   1.5946983e+02   3.8762110e+01   0.0000000e+00
   0.0000000e+00   7.7000000e+01   0.0000000e+00   0.0000000e+00   2.0000000e+00   8.5093814e+01   1.6494050e+02   3.8982679e+01   1.0000000e+00
   1.0000000e+00   6.8000000e+01   0.0000000e+00   1.0000000e+00   2.0000000e+00   6.4088648e+01   1.6328830e+02   3.8866534e+01   0.0000000e+00
   0.0000000e+00   5.6000000e+01   0.0000000e+00   0.0000000e+00   3.0000000e+00   4.2165242e+01   1.3862130e+02   3.7004080e+01   0.0000000e+00
   1.0000000e+00   7.2000000e+01   0.0000000e+00   1.0000000e+00   2.0000000e+00   5.9673135e+01   1.4830609e+02   3.8517266e+01   1.0000000e+00
   0.0000000e+00   4.8000000e+01   1.0000000e+00   1.0000000e+00   1.0000000e+00   3.8607764e+01   1.5613178e+02   3.6341293e+01   0.0000000e+00
   1.0000000e+00   6.8000000e+01   0.0000000e+00   1.0000000e+00   2.0000000e+00   5.5011290e+01   1.3910737e+02   3.7704166e+01   0.0000000e+00
   0.0000000e+00   7.5000000e+01   0.0000000e+00   0.0000000e+00   0.0000000e+00   5.2349926e+01   1.3733184e+02   3.8237706e+01   1.0000000e+00
   1.0000000e+00   6.8000000e+01   1.0000000e+00   1.0000000e+00   1.0000000e+00   5.2953701e+01   1.5323804e+02   3.8529442e+01   1.0000000e+00
   1.0000000e+00   7.6000000e+01   1.0000000e+00   1.0000000e+00   2.0000000e+00   8.4825054e+01   1.5064293e+02   3.6627467e+01   0.0000000e+00
   1.0000000e+00   8.9000000e+01   1.0000000e+00   0.0000000e+00   1.0000000e+00   4.7052046e+01   1.2959805e+02   3.7808060e+01   1.0000000e+00
   1.0000000e+00   7.6000000e+01   1.0000000e+00   1.0000000e+00   3.0000000e+00   7.7611577e+01   1.2145090e+02   3.8596087e+01   1.0000000e+00
   1.0000000e+00   6.8000000e+01   1.0000000e+00   0.0000000e+00   2.0000000e+00   7.2968102e+01   1.5126348e+02   3.8439449e+01   1.0000000e+00
   1.0000000e+00   7.3000000e+01   1.0000000e+00   1.0000000e+00   3.0000000e+00   5.2572972e+01   1.6303206e+02   3.7127231e+01   0.0000000e+00
   1.0000000e+00   7.0000000e+01   0.0000000e+00   0.0000000e+00   3.0000000e+00   4.2649525e+01   1.5244117e+02   3.8504635e+01   1.0000000e+00
   0.0000000e+00   4.9000000e+01   1.0000000e+00   0.0000000e+00   1.0000000e+00   4.2623313e+01   1.4136715e+02   3.8300759e+01   1.0000000e+00
   1.0000000e+00   6.0000000e+01   1.0000000e+00   0.0000000e+00   1.0000000e+00   5.8723672e+01   1.3855361e+02   3.6974429e+01   0.0000000e+00
   0.0000000e+00   8.0000000e+01   0.0000000e+00   0.0000000e+00   1.0000000e+00   8.3556640e+01   1.5481634e+02   3.8630767e+01   1.0000000e+00
   1.0000000e+00   6.4000000e+01   1.0000000e+00   0.0000000e+00   2.0000000e+00   6.1961640e+01   1.6296654e+02   3.6342378e+01   0.0000000e+00
   1.0000000e+00   7.2000000e+01   1.0000000e+00   1.0000000e+00   2.0000000e+00   5.2404724e+01   1.3085572e+02   3.6554778e+01   0.0000000e+00
   0.0000000e+00   5.3000000e+01   1.0000000e+00   1.0000000e+00   0.0000000e+00   8.1305819e+01   1.5221408e+02   3.6577312e+01   0.0000000e+00
   1.0000000e+00   6.6000000e+01   1.0000000e+00   1.0000000e+00   3.0000000e+00   4.0337850e+01   1.2019907e+02   3.6421190e+01   0.0000000e+00
   1.0000000e+00   7.2000000e+01   1.0000000e+00   0.0000000e+00   3.0000000e+00   6.2215322e+01   1.6161692e+02   3.6432401e+01   0.0000000e+00
   1.0000000e+00   4.9000000e+01   1.0000000e+00   1.0000000e+00   1.0000000e+00   7.3589645e+01   1.4904846e+02   3.7984128e+01   1.0000000e+00
   0.0000000e+00   6.9000000e+01   0.0000000e+00   1.0000000e+00   1.0000000e+00   8.1866474e+01   1.6043362e+02   3.7096859e+01   0.0000000e+00
   1.0000000e+00   6.3000000e+01   1.0000000e+00   1.0000000e+00   0.0000000e+00   7.3135520e+01   1.6128648e+02   3.7646578e+01   0.0000000e+00
   1.0000000e+00   5.4000000e+01   1.0000000e+00   0.0000000e+00   3.0000000e+00   7.8383058e+01   1.2370310e+02   3.6395071e+01   1.0000000e+00
   0.0000000e+00   6.5000000e+01   0.0000000e+00   0.0000000e+00   0.0000000e+00   4.4309877e+01   1.5712267e+02   3.6860348e+01   0.0000000e+00
   0.0000000e+00   4.2000000e+01   0.0000000e+00   1.0000000e+00   0.0000000e+00   8.0684608e+01   1.4648867e+02   3.7070816e+01   0.0000000e+00
   0.0000000e+00   3.9000000e+01   0.0000000e+00   1.0000000e+00   3.0000000e+00   3.9031331e+01   1.5801529e+02   3.8523273e+01   0.0000000e+00
   1.0000000e+00   5.1000000e+01   0.0000000e+00   1.0000000e+00   0.0000000e+00   6.3158392e+01   1.2974066e+02   3.6673056e+01   0.0000000e+00
   0.0000000e+00   5.3000000e+01   0.0000000e+00   0.0000000e+00   2.0000000e+00   7.8988287e+01   1.6335996e+02   3.6794541e+01   0.0000000e+00
   1.0000000e+00   5.1000000e+01   0.0000000e+00   0.0000000e+00   3.0000000e+00   7.7748734e+01   1.2596217e+02   3.6728414e+01   0.0000000e+00
   1.0000000e+00   4.4000000e+01   1.0000000e+00   1.0000000e+00   3.0000000e+00   7.7382748e+01   1.4487960e+02   3.7062463e+01   1.0000000e+00
   0.0000000e+00   6.8000000e+01   0.0000000e+00   1.0000000e+00   1.0000000e+00   4.5763803e+01   1.2228448e+02   3.6110664e+01   0.0000000e+00
   0.0000000e+00   4.6000000e+01   0.0000000e+00   0.0000000e+00   0.0000000e+00   8.9564685e+01   1.4109026e+02   3.6992221e+01   0.0000000e+00
   1.0000000e+00   6.6000000e+01   0.0000000e+00   0.0000000e+00   0.0000000e+00   6.1280909e+01   1.3999570e+02   3.6631699e+01   0.0000000e+00
   1.0000000e+00   7.4000000e+01   0.0000000e+00   1.0000000e+00   1.0000000e+00   4.8701089e+01   1.3889407e+02   3.8667809e+01   1.0000000e+00
   0.0000000e+00   6.5000000e+01   0.0000000e+00   1.0000000e+00   0.0000000e+00   5.4348952e+01   1.4869511e+02   3.6183862e+01   0.0000000e+00
   1.0000000e+00   6.6000000e+01   0.0000000e+00   1.0000000e+00   0.0000000e+00   5.8102342e+01   1.2377408e+02   3.7927139e+01   0.0000000e+00
   0.0000000e+00   6.0000000e+01   0.0000000e+00   0.0000000e+00   2.0000000e+00   4.1445382e+01   1.3733184e+02   3.8329859e+01   1.0000000e+00
   1.0000000e+00   4.7000000e+01   0.0000000e+00   0.0000000e+00   3.0000000e+00   4.6285021e+01   1.3367786e+02   3.7329317e+01   1.0000000e+00
   0.0000000e+00   6.4000000e+01   1.0000000e+00   1.0000000e+00   0.0000000e+00   5.8656672e+01   1.3733184e+02   3.8841082e+01   0.0000000e+00
   1.0000000e+00   7.7000000e+01   1.0000000e+00   1.0000000e+00   1.0000000e+00   7.7669751e+01   1.4284436e+02   3.7719468e+01   1.0000000e+00
   1.0000000e+00   8.6000000e+01   0.0000000e+00   1.0000000e+00   3.0000000e+00   8.2587796e+01   1.5906461e+02   3.6948520e+01   0.0000000e+00
   1.0000000e+00   6.0000000e+01   0.0000000e+00   0.0000000e+00   2.0000000e+00   6.8915778e+01   1.6220229e+02   3.8335122e+01   1.0000000e+00
   1.0000000e+00   4.5000000e+01   1.0000000e+00   0.0000000e+00   3.0000000e+00   8.9125396e+01   1.6120479e+02   3.7283436e+01   1.0000000e+00
   0.0000000e+00   6.7000000e+01   1.0000000e+00   0.0000000e+00   3.0000000e+00   6.6139281e+01   1.3953531e+02   3.7913076e+01   0.0000000e+00
   1.0000000e+00   7.0000000e+01   1.0000000e+00   0.0000000e+00   2.0000000e+00   4.2330911e+01   1.5040270e+02   3.6260393e+01   0.0000000e+00
   0.0000000e+00   6.2000000e+01   1.0000000e+00   1.0000000e+00   0.0000000e+00   6.6387960e+01   1.5875159e+02   3.8438345e+01   0.0000000e+00
   1.0000000e+00   5.1000000e+01   0.0000000e+00   0.0000000e+00   3.0000000e+00   4.8838132e+01   1.5660869e+02   3.7757039e+01   1.0000000e+00
   0.0000000e+00   8.9000000e+01   1.0000000e+00   1.0000000e+00   2.0000000e+00   8.6844910e+01   1.3816154e+02   3.6325347e+01   0.0000000e+00
   1.0000000e+00   3.7000000e+01   0.0000000e+00   0.0000000e+00   0.0000000e+00   7.2595917e+01   1.1772187e+02   3.7046043e+01   0.0000000e+00
   0.0000000e+00   5.9000000e+01   1.0000000e+00   0.0000000e+00   2.0000000e+00   5.1387815e+01   1.1977144e+02   3.8651792e+01   1.0000000e+00
   1.0000000e+00   4.9000000e+01   1.0000000e+00   0.0000000e+00   0.0000000e+00   7.0582345e+01   1.6018206e+02   3.7330274e+01   1.0000000e+00
   0.0000000e+00   5.7000000e+01   0.0000000e+00   0.0000000e+00   3.0000000e+00   7.6465303e+01   1.5938187e+02   3.7555989e+01   1.0000000e+00
   1.0000000e+00   6.9000000e+01   0.0000000e+00   0.0000000e+00   0.0000000e+00   8.4383148e+01   1.2814974e+02   3.8894860e+01   1.0000000e+00
   1.0000000e+00   6.7000000e+01   1.0000000e+00   1.0000000e+00   1.0000000e+00   8.3861793e+01   1.4955133e+02   3.7045912e+01   0.0000000e+00
   0.0000000e+00   5.6000000e+01   1.0000000e+00   1.0000000e+00   0.0000000e+00   8.9936681e+01   1.5924250e+02   3.8817952e+01   0.0000000e+00
   0.0000000e+00   7.4000000e+01   0.0000000e+00   1.0000000e+00   2.0000000e+00   6.2504466e+01   1.2019623e+02   3.8155542e+01   0.0000000e+00
   1.0000000e+00   7.2000000e+01   1.0000000e+00   0.0000000e+00   0.0000000e+00   4.1540214e+01   1.6404851e+02   3.7836835e+01   0.0000000e+00
   0.0000000e+00   7.3000000e+01   1.0000000e+00   0.0000000e+00   1.0000000e+00   2.3550721e+02   1.6074614e+02   3.7258336e+01   0.0000000e+00
   1.0000000e+00   6.0000000e+01   1.0000000e+00   1.0000000e+00   0.0000000e+00   4.8998150e+01   1.4442299e+02   3.6562576e+01   0.0000000e+00
   1.0000000e+00   7.8000000e+01   0.0000000e+00   1.0000000e+00   2.0000000e+00   8.6311157e+01   1.1621445e+02   3.7714030e+01   1.0000000e+00
   1.0000000e+00   7.3000000e+01   0.0000000e+00   0.0000000e+00   2.0000000e+00   8.6443951e+01   1.2494690e+02   3.7906557e+01   1.0000000e+00
   0.0000000e+00   9.5000000e+01   1.0000000e+00   1.0000000e+00   0.0000000e+00   4.0758172e+01   1.5036024e+02   3.7490706e+01   0.0000000e+00
   1.0000000e+00   7.8000000e+01   1.0000000e+00   1.0000000e+00   2.0000000e+00   5.9768624e+01   1.5129117e+02   3.7227166e+01   0.0000000e+00
   1.0000000e+00   7.9000000e+01   0.0000000e+00   0.0000000e+00   0.0000000e+00   6.2337541e+01   1.5037494e+02   3.8655315e+01   1.0000000e+00
   1.0000000e+00   6.6000000e+01   1.0000000e+00   0.0000000e+00   2.0000000e+00   8.1261391e+01   1.4727716e+02   3.7210060e+01   1.0000000e+00
   1.0000000e+00   5.0000000e+01   1.0000000e+00   0.0000000e+00   1.0000000e+00   9.1021044e+01   1.3437889e+02   3.8759422e+01   1.0000000e+00
   0.0000000e+00   6.1000000e+01   1.0000000e+00   1.0000000e+00   1.0000000e+00   7.4220624e+01   1.2208171e+02   3.7093562e+01   0.0000000e+00
   0.0000000e+00   5.6000000e+01   1.0000000e+00   1.0000000e+00   1.0000000e+00   6.5370888e+01   1.4181260e+02   3.8806381e+01   0.0000000e+00
   1.0000000e+00   5.8000000e+01   0.0000000e+00   1.0000000e+00   3.0000000e+00   8.7942064e+01   1.3031950e+02   3.6845140e+01   0.0000000e+00
   0.0000000e+00   7.2000000e+01   1.0000000e+00   1.0000000e+00   1.0000000e+00   5.2382687e+01   1.4171820e+02   3.6452689e+01   0.0000000e+00
   1.0000000e+00   5.8000000e+01   1.0000000e+00   0.0000000e+00   2.0000000e+00   7.3146498e+01   1.4632058e+02   3.8676622e+01   1.0000000e+00
   0.0000000e+00   5.4000000e+01   0.0000000e+00   0.0000000e+00   2.0000000e+00   7.7599783e+01   1.2777730e+02   3.7134015e+01   1.0000000e+00
   0.0000000e+00   6.0000000e+01   0.0000000e+00   1.0000000e+00   2.0000000e+00   4.7381814e+01   1.4231438e+02   3.7610922e+01   0.0000000e+00
   1.0000000e+00   6.3000000e+01   0.0000000e+00   1.0000000e+00   3.0000000e+00   5.5380714e+01   1.5273322e+02   3.8544944e+01   0.0000000e+00
   1.0000000e+00   7.0000000e+01   0.0000000e+00   0.0000000e+00   3.0000000e+00   7.2045199e+01   1.6441667e+02   3.7096782e+01   1.0000000e+00
   1.0000000e+00   5.4000000e+01   1.0000000e+00   0.0000000e+00   3.0000000e+00   6.1978997e+01   1.6009973e+02   3.8760602e+01   1.0000000e+00
   1.0000000e+00   6.9000000e+01   0.0000000e+00   0.0000000e+00   1.0000000e+00   8.3742510e+01   1.4934832e+02   3.7430192e+01   1.0000000e+00
   1.0000000e+00   6.6000000e+01   1.0000000e+00   1.0000000e+00   3.0000000e+00   5.6513439e+01   1.3409836e+02   3.8009639e+01   0.0000000e+00
   0.0000000e+00   8.1000000e+01   0.0000000e+00   0.0000000e+00   0.0000000e+00   5.3858754e+01   1.5626030e+02   3.7026876e+01   0.0000000e+00
   0.0000000e+00   6.2000000e+01   1.0000000e+00   0.0000000e+00   3.0000000e+00   7.0727365e+01   1.1540902e+02   3.6904814e+01   1.0000000e+00
   0.0000000e+00   6.3000000e+01   0.0000000e+00   1.0000000e+00   3.0000000e+00   5.6885788e+01   1.4114430e+02   3.6580206e+01   0.0000000e+00
   1.0000000e+00   5.1000000e+01   0.0000000e+00   1.0000000e+00   1.0000000e+00   7.7250916e+01   1.1547564e+02   3.8333029e+01   0.0000000e+00
   1.0000000e+00   4.8000000e+01   1.0000000e+00   1.0000000e+00   2.0000000e+00   6.4241873e+01   1.6318575e+02   3.8033150e+01   0.0000000e+00
   1.0000000e+00   6.9000000e+01   0.0000000e+00   1.0000000e+00   1.0000000e+00   6.2841521e+01   1.4720202e+02   3.7832945e+01   0.0000000e+00
   0.0000000e+00   6.2000000e+01   0.0000000e+00   0.0000000e+00   1.0000000e+00   7.2782030e+01   1.3733184e+02   3.6308290e+01   0.0000000e+00
   1.0000000e+00   7.1000000e+01   1.0000000e+00   0.0000000e+00   2.0000000e+00   6.8416178e+01   1.4435287e+02   3.6150527e+01   1.0000000e+00
   1.0000000e+00   5.4000000e+01   1.0000000e+00   1.0000000e+00   3.0000000e+00   7.7455364e+01   1.1845161e+02   3.6995779e+01   1.0000000e+00
   1.0000000e+00   8.8000000e+01   0.0000000e+00   1.0000000e+00   0.0000000e+00   7.2423750e+01   1.2308460e+02   3.7469109e+01   0.0000000e+00
   1.0000000e+00   6.6000000e+01   0.0000000e+00   1.0000000e+00   3.0000000e+00   5.3822321e+01   1.6367282e+02   3.7819418e+01   0.0000000e+00
   0.0000000e+00   7.8000000e+01   0.0000000e+00   1.0000000e+00   1.0000000e+00   6.9767686e+01   1.4419573e+02   3.8788131e+01   0.0000000e+00
   1.0000000e+00   6.2000000e+01   1.0000000e+00   1.0000000e+00   1.0000000e+00   7.9370406e+01   1.3620626e+02   3.7462256e+01   0.0000000e+00
   0.0000000e+00   6.3000000e+01   0.0000000e+00   1.0000000e+00   0.0000000e+00   6.3248042e+01   1.4232800e+02   3.8850087e+01   0.0000000e+00
   0.0000000e+00   7.3000000e+01   1.0000000e+00   1.0000000e+00   3.0000000e+00   6.9453844e+01   1.4490191e+02   3.7510779e+01   0.0000000e+00
   0.0000000e+00   7.2000000e+01   0.0000000e+00   1.0000000e+00   2.0000000e+00   5.9057305e+01   1.5538579e+02   3.9039678e+01   0.0000000e+00
   0.0000000e+00   5.2000000e+01   1.0000000e+00   0.0000000e+00   3.0000000e+00   5.8982572e+01   1.3891019e+02   3.6244047e+01   0.0000000e+00
   1.0000000e+00   4.7000000e+01   0.0000000e+00   1.0000000e+00   1.0000000e+00   3.8863017e+01   1.1580357e+02   3.9009901e+01   0.0000000e+00
   1.0000000e+00   5.2000000e+01   1.0000000e+00   1.0000000e+00   0.0000000e+00   7.3034035e+01   1.5015478e+02   3.7968243e+01   0.0000000e+00
   0.0000000e+00   4.8000000e+01   1.0000000e+00   1.0000000e+00   2.0000000e+00   6.1382248e+01   1.6253588e+02   3.8623977e+01   0.0000000e+00
   0.0000000e+00   6.6000000e+01   0.0000000e+00   0.0000000e+00   0.0000000e+00   8.3230845e+01   1.5474707e+02   3.6619373e+01   0.0000000e+00
   0.0000000e+00   6.0000000e+01   0.0000000e+00   1.0000000e+00   1.0000000e+00   7.6957299e+01   1.3656406e+02   3.7149270e+01   0.0000000e+00
   0.0000000e+00   6.1000000e+01   1.0000000e+00   0.0000000e+00   0.0000000e+00   6.6360208e+01   1.5935726e+02   3.8502950e+01   0.0000000e+00
   1.0000000e+00   4.9000000e+01   0.0000000e+00   1.0000000e+00   2.0000000e+00   7.1500236e+01   1.2771322e+02   3.6433856e+01   0.0000000e+00
   0.0000000e+00   7.4000000e+01   1.0000000e+00   1.0000000e+00   2.0000000e+00   7.3572604e+01   1.3658521e+02   3.8142719e+01   0.0000000e+00
   1.0000000e+00   7.0000000e+01   1.0000000e+00   1.0000000e+00   3.0000000e+00   8.9665659e+01   1.5046164e+02   3.7445462e+01   1.0000000e+00
   1.0000000e+00   6.4000000e+01   0.0000000e+00   1.0000000e+00   1.0000000e+00   8.7590348e+01   1.6408170e+02   3.8259133e+01   0.0000000e+00
   1.0000000e+00   7.7000000e+01   1.0000000e+00   1.0000000e+00   3.0000000e+00   4.8940320e+01   1.3606970e+02   3.8074682e+01   1.0000000e+00
   0.0000000e+00   5.5000000e+01   0.0000000e+00   0.0000000e+00   1.0000000e+00   7.8976906e+01   1.3595892e+02   3.7892571e+01   1.0000000e+00
   1.0000000e+00   7.0000000e+01   0.0000000e+00   0.0000000e+00   2.0000000e+00   5.0576634e+01   1.6266093e+02   3.7024657e+01   0.0000000e+00
   1.0000000e+00   6.9000000e+01   1.0000000e+00   1.0000000e+00   1.0000000e+00   8.3745471e+01   1.3630617e+02   3.8044214e+01   1.0000000e+00
   0.0000000e+00   6.9000000e+01   1.0000000e+00   0.0000000e+00   1.0000000e+00   7.8500606e+01   1.1664637e+02   3.6007071e+01   0.0000000e+00
   0.0000000e+00   5.6000000e+01   0.0000000e+00   0.0000000e+00   3.0000000e+00   7.7262723e+01   1.3295695e+02   3.8312699e+01   1.0000000e+00
   1.0000000e+00   6.9000000e+01   0.0000000e+00   0.0000000e+00   0.0000000e+00   7.5391422e+01   1.6235340e+02   3.6188754e+01   0.0000000e+00
   0.0000000e+00   5.9000000e+01   0.0000000e+00   1.0000000e+00   0.0000000e+00   8.9171241e+01   1.3592016e+02   3.8253564e+01   0.0000000e+00
   1.0000000e+00   5.4000000e+01   1.0000000e+00   1.0000000e+00   0.0000000e+00   4.0873086e+01   1.3611764e+02   3.8651491e+01   0.0000000e+00
   1.0000000e+00   5.1000000e+01   1.0000000e+00   1.0000000e+00   1.0000000e+00   6.4031724e+01   1.2955257e+02   3.6128783e+01   0.0000000e+00
   0.0000000e+00   7.7000000e+01   0.0000000e+00   0.0000000e+00   2.0000000e+00   8.9822619e+01   1.4228631e+02   3.8202430e+01   1.0000000e+00
   1.0000000e+00   5.5000000e+01   1.0000000e+00   0.0000000e+00   1.0000000e+00   6.6392737e+01   1.3971581e+02   3.8044733e+01   1.0000000e+00
   0.0000000e+00   6.3000000e+01   0.0000000e+00   0.0000000e+00   2.0000000e+00   5.5521311e+01   1.5908326e+02   3.7779300e+01   0.0000000e+00
   0.0000000e+00   5.0000000e+01   0.0000000e+00   1.0000000e+00   0.0000000e+00   6.5739303e+01   1.6228137e+02   3.5941772e+01   0.0000000e+00
   0.0000000e+00   6.1000000e+01   1.0000000e+00   1.0000000e+00   0.0000000e+00   6.1666813e+01   1.3733184e+02   3.6853112e+01   0.0000000e+00
   0.0000000e+00   2.6000000e+01   0.0000000e+00   0.0000000e+00   1.0000000e+00   6.8411661e+01   1.6392289e+02   3.8190963e+01   0.0000000e+00
   1.0000000e+00   5.2000000e+01   0.0000000e+00   0.0000000e+00   0.0000000e+00   5.6564439e+01   1.5775340e+02   3.6714056e+01   0.0000000e+00
   1.0000000e+00   4.8000000e+01   1.0000000e+00   0.0000000e+00   2.0000000e+00   5.7412272e+01   1.1736166e+02   3.6070615e+01   1.0000000e+00
   1.0000000e+00   5.3000000e+01   1.0000000e+00   1.0000000e+00   2.0000000e+00   6.0077930e+01   1.3959156e+02   3.6137928e+01   0.0000000e+00
   1.0000000e+00   6.2000000e+01   0.0000000e+00   0.0000000e+00   2.0000000e+00   7.7128469e+01   1.6353169e+02   3.5968331e+01   0.0000000e+00
   1.0000000e+00   6.1000000e+01   1.0000000e+00   0.0000000e+00   3.0000000e+00   6.9380320e+01   1.1990011e+02   3.7024236e+01   1.0000000e+00
   1.0000000e+00   8.8000000e+01   1.0000000e+00   1.0000000e+00   3.0000000e+00   5.8533987e+01   1.4235325e+02   3.6139222e+01   0.0000000e+00
   0.0000000e+00   5.8000000e+01   1.0000000e+00   1.0000000e+00   3.0000000e+00   7.9911190e+01   1.1909975e+02   3.7975415e+01   0.0000000e+00
   1.0000000e+00   6.2000000e+01   1.0000000e+00   0.0000000e+00   1.0000000e+00   4.9876053e+01   1.5823787e+02   3.8014237e+01   1.0000000e+00
   0.0000000e+00   4.6000000e+01   0.0000000e+00   0.0000000e+00   1.0000000e+00   6.1781163e+01   1.2395302e+02   3.8377100e+01   0.0000000e+00
   0.0000000e+00   5.9000000e+01   1.0000000e+00   0.0000000e+00   1.0000000e+00   4.7056738e+01   1.2242733e+02   3.7709519e+01   0.0000000e+00
   1.0000000e+00   4.9000000e+01   1.0000000e+00   1.0000000e+00   0.0000000e+00   4.3404384e+01   1.3733184e+02   3.8970480e+01   0.0000000e+00
   1.0000000e+00   6.5000000e+01   1.0000000e+00   1.0000000e+00   2.0000000e+00   6.4479732e+01   1.2222952e+02   3.8471330e+01   1.0000000e+00
   1.0000000e+00   7.5000000e+01   0.0000000e+00   1.0000000e+00   0.0000000e+00   5.3173510e+01   1.4591043e+02   3.7006794e+01   0.0000000e+00
   0.0000000e+00   7.0000000e+01   1.0000000e+00   1.0000000e+00   1.0000000e+00   6.6375491e+01   1.3216952e+02   3.6356387e+01   0.0000000e+00
   1.0000000e+00   5.7000000e+01   0.0000000e+00   1.0000000e+00   1.0000000e+00   8.6899863e+01   1.2888767e+02   3.8566843e+01   0.0000000e+00
   0.0000000e+00   4.5000000e+01   1.0000000e+00   0.0000000e+00   0.0000000e+00   8.0246062e+01   1.6162607e+02   3.7699414e+01   0.0000000e+00
   1.0000000e+00   8.3000000e+01   1.0000000e+00   1.0000000e+00   0.0000000e+00   5.4415542e+01   1.3092344e+02   3.6332696e+01   0.0000000e+00
   0.0000000e+00   9.0000000e+01   1.0000000e+00   0.0000000e+00   1.0000000e+00   8.4451371e+01   1.2751819e+02   3.7462257e+01   1.0000000e+00
   1.0000000e+00   6.6000000e+01   0.0000000e+00   0.0000000e+00   0.0000000e+00   6.8050537e+01   1.2159494e+02   3.8397946e+01   0.0000000e+00
   0.0000000e+00   5.3000000e+01   0.0000000e+00   0.0000000e+00   1.0000000e+00   5.4290131e+01   1.4479627e+02   3.7358189e+01   0.0000000e+00
   0.0000000e+00   7.9000000e+01   1.0000000e+00   0.0000000e+00   2.0000000e+00   7.9867179e+01   1.6172482e+02   3.6144457e+01   0.0000000e+00
   0.0000000e+00   5.8000000e+01   0.0000000e+00   0.0000000e+00   1.0000000e+00   7.7784208e+01   1.3832816e+02   3.7705907e+01   1.0000000e+00
   1.0000000e+00   5.9000000e+01   0.0000000e+00   1.0000000e+00   2.0000000e+00   7.8218654e+01   1.2655430e+02   3.6078381e+01   0.0000000e+00
   1.0000000e+00   7.6000000e+01   1.0000000e+00   1.0000000e+00   3.0000000e+00   5.5175234e+01   1.2084245e+02   3.8756957e+01   1.0000000e+00
   0.0000000e+00   4.8000000e+01   1.0000000e+00   0.0000000e+00   0.0000000e+00   7.6457215e+01   1.5327723e+02   3.7181228e+01   1.0000000e+00
   1.0000000e+00   4.2000000e+01   1.0000000e+00   0.0000000e+00   3.0000000e+00   8.6306570e+01   1.2584555e+02   3.7502475e+01   1.0000000e+00
   1.0000000e+00   7.0000000e+01   0.0000000e+00   1.0000000e+00   1.0000000e+00   8.1229703e+01   1.2664201e+02   3.7517722e+01   0.0000000e+00
   0.0000000e+00   7.0000000e+01   0.0000000e+00   1.0000000e+00   2.0000000e+00   5.4592203e+01   1.2645008e+02   3.6322134e+01   0.0000000e+00
   0.0000000e+00   6.6000000e+01   0.0000000e+00   1.0000000e+00   2.0000000e+00   7.3916767e+01   1.2638240e+02   3.8362888e+01   1.0000000e+00
   0.0000000e+00   7.1000000e+01   1.0000000e+00   0.0000000e+00   2.0000000e+00   7.6093235e+01   1.6057131e+02   3.8104417e+01   1.0000000e+00
   0.0000000e+00   7.8000000e+01   1.0000000e+00   0.0000000e+00   1.0000000e+00   4.7044245e+01   1.1718263e+02   3.6196170e+01   0.0000000e+00
   0.0000000e+00   7.7000000e+01   1.0000000e+00   0.0000000e+00   2.0000000e+00   8.4562110e+01   1.5756884e+02   3.8769209e+01   1.0000000e+00
   1.0000000e+00   5.8000000e+01   0.0000000e+00   0.0000000e+00   0.0000000e+00   5.3435387e+01   1.4644703e+02   3.8801535e+01   1.0000000e+00
   1.0000000e+00   7.5000000e+01   0.0000000e+00   1.0000000e+00   3.0000000e+00   5.4115713e+01   1.4998028e+02   3.6207140e+01   0.0000000e+00
   0.0000000e+00   6.7000000e+01   1.0000000e+00   1.0000000e+00   1.0000000e+00   7.3031255e+01   1.3365194e+02   3.8001156e+01   0.0000000e+00
   0.0000000e+00   5.9000000e+01   0.0000000e+00   0.0000000e+00   1.0000000e+00   6.1288267e+01   1.6439074e+02   3.7331658e+01   0.0000000e+00
   1.0000000e+00   5.1000000e+01   0.0000000e+00   0.0000000e+00   3.0000000e+00   7.3828739e+01   1.5931097e+02   3.7633693e+01   1.0000000e+00
   0.0000000e+00   7.3000000e+01   1.0000000e+00   0.0000000e+00   2.0000000e+00   5.1804595e+01   1.2108081e+02   3.8093067e+01   1.0000000e+00
   1.0000000e+00   6.1000000e+01   0.0000000e+00   0.0000000e+00   0.0000000e+00   5.9761252e+01   1.3751094e+02   3.6676759e+01   0.0000000e+00
   0.0000000e+00   6.6000000e+01   1.0000000e+00   0.0000000e+00   2.0000000e+00   4.0691520e+01   1.5862405e+02   3.8749123e+01   1.0000000e+00
   1.0000000e+00   5.5000000e+01   1.0000000e+00   1.0000000e+00   0.0000000e+00   4.1730350e+01   1.2723143e+02   3.8122055e+01   0.0000000e+00
   0.0000000e+00   4.6000000e+01   0.0000000e+00   1.0000000e+00   1.0000000e+00   8.0774622e+01   1.5829019e+02   3.6908145e+01   0.0000000e+00
   0.0000000e+00   6.7000000e+01   1.0000000e+00   0.0000000e+00   3.0000000e+00   4.9854645e+01   1.3730676e+02   3.8385630e+01   1.0000000e+00
   1.0000000e+00   6.4000000e+01   1.0000000e+00   1.0000000e+00   2.0000000e+00   3.9157038e+01   1.1767178e+02   3.8353765e+01   0.0000000e+00
   1.0000000e+00   7.9000000e+01   1.0000000e+00   0.0000000e+00   0.0000000e+00   8.3590047e+01   1.3642984e+02   3.6347544e+01   0.0000000e+00
   0.0000000e+00   7.5000000e+01   0.0000000e+00   1.0000000e+00   0.0000000e+00   8.6198913e+01   1.4247585e+02   3.8079508e+01   0.0000000e+00
   0.0000000e+00   7.8000000e+01   0.0000000e+00   0.0000000e+00   1.0000000e+00   8.9464030e+01   1.4455754e+02   3.7537165e+01   0.0000000e+00
   1.0000000e+00   5.6000000e+01   0.0000000e+00   1.0000000e+00   2.0000000e+00   8.4164660e+01   1.2570833e+02   3.7251368e+01   1.0000000e+00
   0.0000000e+00   5.4000000e+01   0.0000000e+00   0.0000000e+00   0.0000000e+00   5.7638470e+01   1.6039168e+02   3.6516030e+01   0.0000000e+00
   1.0000000e+00   5.0000000e+01   0.0000000e+00   0.0000000e+00   1.0000000e+00   4.0065933e+01   1.5652014e+02   3.7839282e+01   0.0000000e+00
   1.0000000e+00   7.1000000e+01   1.0000000e+00   0.0000000e+00   1.0000000e+00   6.8296770e+01   1.2902884e+02   3.7410600e+01   0.0000000e+00
   0.0000000e+00   9.8000000e+01   0.0000000e+00   0.0000000e+00   3.0000000e+00   6.3041696e+01   1.1901094e+02   3.8098483e+01   1.0000000e+00
   1.0000000e+00   7.4000000e+01   1.0000000e+00   0.0000000e+00   1.0000000e+00   5.3556684e+01   1.2145306e+02   3.6301776e+01   0.0000000e+00
   1.0000000e+00   5.6000000e+01   0.0000000e+00   1.0000000e+00   3.0000000e+00   7.8704873e+01   1.3371643e+02   3.8784941e+01   1.0000000e+00
   1.0000000e+00   7.5000000e+01   0.0000000e+00   1.0000000e+00   1.0000000e+00   6.4358438e+01   1.6317232e+02   3.8184851e+01   0.0000000e+00
   0.0000000e+00   5.1000000e+01   1.0000000e+00   0.0000000e+00   0.0000000e+00   5.1903667e+01   1.2138495e+02   3.8726980e+01   0.0000000e+00
   1.0000000e+00   4.8000000e+01   0.0000000e+00   1.0000000e+00   1.0000000e+00   8.9912154e+01   1.2529521e+02   3.9063110e+01   1.0000000e+00
   0.0000000e+00   7.4000000e+01   0.0000000e+00   0.0000000e+00   0.0000000e+00   1.5603061e+02   1.4862641e+02   3.7301695e+01   0.0000000e+00
   0.0000000e+00   5.6000000e+01   0.0000000e+00   0.0000000e+00   0.0000000e+00   4.9864570e+01   1.3784153e+02   3.8844997e+01   0.0000000e+00
   1.0000000e+00   6.9000000e+01   0.0000000e+00   0.0000000e+00   3.0000000e+00   4.9845082e+01   1.6376268e+02   3.8995646e+01   1.0000000e+00
   1.0000000e+00   8.2000000e+01   0.0000000e+00   1.0000000e+00   2.0000000e+00   4.1650987e+01   1.5622833e+02   3.8406473e+01   1.0000000e+00
   1.0000000e+00   7.0000000e+01   1.0000000e+00   1.0000000e+00   0.0000000e+00   8.6951707e+01   1.3738544e+02   3.8638779e+01   0.0000000e+00
   0.0000000e+00   7.6000000e+01   0.0000000e+00   1.0000000e+00   0.0000000e+00   7.2569717e+01   1.4907105e+02   3.8269338e+01   0.0000000e+00
   0.0000000e+00   4.6000000e+01   1.0000000e+00   0.0000000e+00   1.0000000e+00   6.9209145e+01   1.5183886e+02   3.8394183e+01   0.0000000e+00
   0.0000000e+00   7.3000000e+01   1.0000000e+00   0.0000000e+00   2.0000000e+00   4.8648308e+01   1.3077559e+02   3.8032923e+01   1.0000000e+00
   0.0000000e+00   9.1000000e+01   0.0000000e+00   0.0000000e+00   3.0000000e+00   5.0090287e+01   1.2270821e+02   3.7801799e+01   1.0000000e+00
   1.0000000e+00   7.1000000e+01   1.0000000e+00   0.0000000e+00   3.0000000e+00   4.0992885e+01   1.5076152e+02   3.7602358e+01   1.0000000e+00
   1.0000000e+00   4.7000000e+01   1.0000000e+00   0.0000000e+00   0.0000000e+00   4.7400650e+01   1.5878024e+02   3.7676275e+01   0.0000000e+00
   1.0000000e+00   6.3000000e+01   1.0000000e+00   0.0000000e+00   1.0000000e+00   5.3919291e+01   1.5707974e+02   3.6847830e+01   0.0000000e+00
   1.0000000e+00   5.9000000e+01   1.0000000e+00   0.0000000e+00   0.0000000e+00   7.9771344e+01   1.3041846e+02   3.8156034e+01   1.0000000e+00
   1.0000000e+00   7.0000000e+01   1.0000000e+00   0.0000000e+00   2.0000000e+00   6.7556829e+01   1.3053994e+02   3.6769532e+01   0.0000000e+00
   0.0000000e+00   7.0000000e+01   1.0000000e+00   1.0000000e+00   3.0000000e+00   7.2213455e+01   1.2436019e+02   3.7906584e+01   0.0000000e+00
   1.0000000e+00   7.0000000e+01   0.0000000e+00   1.0000000e+00   2.0000000e+00   4.5214508e+01   1.2123281e+02   3.6259306e+01   0.0000000e+00
   1.0000000e+00   6.1000000e+01   1.0000000e+00   1.0000000e+00   0.0000000e+00   8.1604924e+01   1.1949226e+02   3.8298207e+01   1.0000000e+00
   1.0000000e+00   5.8000000e+01   0.0000000e+00   0.0000000e+00   3.0000000e+00   5.6275356e+01   1.3078018e+02   3.6027401e+01   0.0000000e+00
   0.0000000e+00   5.8000000e+01   0.0000000e+00   0.0000000e+00   1.0000000e+00   7.1109779e+01   1.3817251e+02   3.8408727e+01   1.0000000e+00
   0.0000000e+00   7.5000000e+01   1.0000000e+00   1.0000000e+00   2.0000000e+00   5.1275285e+01   1.3628082e+02   3.7224672e+01   0.0000000e+00
   1.0000000e+00   4.3000000e+01   1.0000000e+00   0.0000000e+00   1.0000000e+00   7.4674589e+01   1.2536390e+02   3.6933182e+01   0.0000000e+00
   1.0000000e+00   6.3000000e+01   1.0000000e+00   0.0000000e+00   3.0000000e+00   8.7901036e+01   1.4527666e+02   3.6173145e+01   1.0000000e+00
   1.0000000e+00   6.8000000e+01   0.0000000e+00   0.0000000e+00   0.0000000e+00   7.0984593e+01   1.6201690e+02   3.5998047e+01   0.0000000e+00
   0.0000000e+00   5.7000000e+01   0.0000000e+00   1.0000000e+00   0.0000000e+00   7.6063955e+01   1.4712481e+02   3.8580921e+01   0.0000000e+00
   0.0000000e+00   7.1000000e+01   0.0000000e+00   1.0000000e+00   2.0000000e+00   6.9595629e+01   1.2779667e+02   3.8857856e+01   0.0000000e+00
   1.0000000e+00   6.4000000e+01   0.0000000e+00   1.0000000e+00   2.0000000e+00   5.9781732e+01   1.4789270e+02   3.6773583e+01   0.0000000e+00
   0.0000000e+00   5.4000000e+01   0.0000000e+00   1.0000000e+00   1.0000000e+00   6.1423702e+01   1.4351958e+02   3.6962935e+01   0.0000000e+00
   1.0000000e+00   6.7000000e+01   1.0000000e+00   1.0000000e+00   2.0000000e+00   5.3827251e+01   1.2525908e+02   3.7168462e+01   0.0000000e+00
   0.0000000e+00   6.2000000e+01   0.0000000e+00   0.0000000e+00   2.0000000e+00   6.0213215e+01   1.3454926e+02   3.6932752e+01   0.0000000e+00
   1.0000000e+00   6.0000000e+01   0.0000000e+00   0.0000000e+00   1.0000000e+00   5.7730009e+01   1.4372223e+02   3.8352848e+01   1.0000000e+00
   0.0000000e+00   5.6000000e+01   0.0000000e+00   0.0000000e+00   0.0000000e+00   5.3768911e+01   1.6291119e+02   3.7296160e+01   0.0000000e+00
   1.0000000e+00   6.6000000e+01   1.0000000e+00   1.0000000e+00   3.0000000e+00   4.9116141e+01   1.3287778e+02   3.7298560e+01   0.0000000e+00
   0.0000000e+00   4.3000000e+01   0.0000000e+00   1.0000000e+00   3.0000000e+00   5.1758922e+01   1.1929963e+02   3.6640970e+01   0.0000000e+00
   0.0000000e+00   6.0000000e+01   1.0000000e+00   0.0000000e+00   0.0000000e+00   5.1609745e+01   1.5025091e+02   3.8407387e+01   0.0000000e+00
   0.0000000e+00   5.8000000e+01   1.0000000e+00   1.0000000e+00   3.0000000e+00   8.4291976e+01   1.3575683e+02   3.7573580e+01   0.0000000e+00
   1.0000000e+00   5.4000000e+01   1.0000000e+00   1.0000000e+00   3.0000000e+00   8.6155952e+01   1.5960671e+02   3.8550851e+01   1.0000000e+00
   1.0000000e+00   7.3000000e+01   1.0000000e+00   1.0000000e+00   2.0000000e+00   5.6046912e+01   1.2370829e+02   3.6872473e+01   0.0000000e+00
   1.0000000e+00   5.6000000e+01   1.0000000e+00   1.0000000e+00   3.0000000e+00   5.7805789e+01   1.4245774e+02   3.7508854e+01   0.0000000e+00
   0.0000000e+00   7.1000000e+01   1.0000000e+00   1.0000000e+00   2.0000000e+00   4.8100776e+01   1.2146168e+02   3.7889251e+01   0.0000000e+00
   1.0000000e+00   7.7000000e+01   0.0000000e+00   1.0000000e+00   3.0000000e+00   5.4127484e+01   1.3592032e+02   3.6394655e+01   0.0000000e+00
   1.0000000e+00   6.3000000e+01   0.0000000e+00   1.0000000e+00   3.0000000e+00   4.0574567e+01   1.4203318e+02   3.8708648e+01   0.0000000e+00
   0.0000000e+00   6.8000000e+01   1.0000000e+00   1.0000000e+00   0.0000000e+00   5.5340917e+01   1.4630097e+02   3.6187571e+01   0.0000000e+00
   1.0000000e+00   7.3000000e+01   0.0000000e+00   0.0000000e+00   0.0000000e+00   8.2706891e+01   1.2996259e+02   3.6269588e+01   0.0000000e+00
   0.0000000e+00   6.4000000e+01   1.0000000e+00   0.0000000e+00   3.0000000e+00   6.3751428e+01   1.6052940e+02   3.6645342e+01   0.0000000e+00
   1.0000000e+00   7.1000000e+01   0.0000000e+00   0.0000000e+00   3.0000000e+00   6.6488768e+01   1.3155540e+02   3.8459815e+01   1.0000000e+00
   0.0000000e+00   5.0000000e+01   1.0000000e+00   0.0000000e+00   3.0000000e+00   7.1358653e+01   1.3444763e+02   3.7274596e+01   1.0000000e+00
   0.0000000e+00   7.8000000e+01   0.0000000e+00   1.0000000e+00   0.0000000e+00   6.5858942e+01   1.5457345e+02   3.7339392e+01   0.0000000e+00
   1.0000000e+00   5.3000000e+01   0.0000000e+00   1.0000000e+00   0.0000000e+00   5.6476540e+01   1.2948731e+02   3.8235135e+01   0.0000000e+00
   1.0000000e+00   4.3000000e+01   0.0000000e+00   0.0000000e+00   1.0000000e+00   6.3162535e+01   1.2333195e+02   3.7391733e+01   1.0000000e+00
   0.0000000e+00   8.2000000e+01   0.0000000e+00   1.0000000e+00   3.0000000e+00   6.9867678e+01   1.5311445e+02   3.7940884e+01   0.0000000e+00
   1.0000000e+00   6.4000000e+01   0.0000000e+00   1.0000000e+00   0.0000000e+00   6.2378964e+01   1.1739611e+02   3.8338436e+01   0.0000000e+00
   1.0000000e+00   7.0000000e+01   0.0000000e+00   1.0000000e+00   2.0000000e+00   5.1435328e+01   1.2724313e+02   3.8645980e+01   0.0000000e+00
   1.0000000e+00   6.1000000e+01   0.0000000e+00   0.0000000e+00   2.0000000e+00   3.9246617e+01   1.4616133e+02   3.7455961e+01   0.0000000e+00
   1.0000000e+00   5.3000000e+01   1.0000000e+00   0.0000000e+00   1.0000000e+00   7.2987082e+01   1.3268100e+02   3.6652689e+01   0.0000000e+00
   0.0000000e+00   2.8000000e+01   1.0000000e+00   0.0000000e+00   0.0000000e+00   2.1019796e+02   1.5966427e+02   3.7938599e+01   1.0000000e+00
   0.0000000e+00   7.3000000e+01   1.0000000e+00   1.0000000e+00   1.0000000e+00   7.7027892e+01   1.3009578e+02   3.7723521e+01   0.0000000e+00
   1.0000000e+00   6.2000000e+01   0.0000000e+00   0.0000000e+00   0.0000000e+00   5.1092919e+01   1.2128356e+02   3.7533872e+01   0.0000000e+00
   0.0000000e+00   6.3000000e+01   1.0000000e+00   1.0000000e+00   1.0000000e+00   6.6082875e+01   1.2623315e+02   3.6592763e+01   0.0000000e+00
   0.0000000e+00   7.0000000e+01   0.0000000e+00   1.0000000e+00   1.0000000e+00   7.4071738e+01   1.2670208e+02   3.6246110e+01   0.0000000e+00
   0.0000000e+00   4.8000000e+01   0.0000000e+00   0.0000000e+00   3.0000000e+00   3.8000000e+01   1.3970582e+02   3.6988835e+01   1.0000000e+00
   0.0000000e+00   5.6000000e+01   0.0000000e+00   0.0000000e+00   2.0000000e+00   7.6221875e+01   1.4910872e+02   3.7076699e+01   0.0000000e+00
   1.0000000e+00   7.9000000e+01   1.0000000e+00   0.0000000e+00   1.0000000e+00   5.4061764e+01   1.4079249e+02   3.6236317e+01   0.0000000e+00
   0.0000000e+00   7.2000000e+01   1.0000000e+00   0.0000000e+00   3.0000000e+00   6.7396841e+01   1.3733184e+02   3.6294392e+01   0.0000000e+00
   0.0000000e+00   5.0000000e+01   0.0000000e+00   0.0000000e+00   0.0000000e+00   7.0833815e+01   1.5898826e+02   3.9126040e+01   0.0000000e+00
   1.0000000e+00   3.9000000e+01   1.0000000e+00   0.0000000e+00   0.0000000e+00   7.5848765e+01   1.4756211e+02   3.8533304e+01   1.0000000e+00
   1.0000000e+00   5.8000000e+01   0.0000000e+00   1.0000000e+00   3.0000000e+00   4.2725008e+01   1.4542711e+02   3.7836658e+01   1.0000000e+00
   1.0000000e+00   6.8000000e+01   1.0000000e+00   1.0000000e+00   2.0000000e+00   6.3440948e+01   1.5227291e+02   3.6525589e+01   0.0000000e+00
   1.0000000e+00   7.6000000e+01   0.0000000e+00   1.0000000e+00   0.0000000e+00   8.3034159e+01   1.2684250e+02   3.8665444e+01   0.0000000e+00
   0.0000000e+00   6.6000000e+01   1.0000000e+00   0.0000000e+00   1.0000000e+00   7.8926908e+01   1.2624230e+02   3.7452923e+01   1.0000000e+00
   0.0000000e+00   5.2000000e+01   1.0000000e+00   1.0000000e+00   3.0000000e+00   6.2382321e+01   1.6073551e+02   3.8061632e+01   0.0000000e+00
   1.0000000e+00   6.9000000e+01   1.0000000e+00   1.0000000e+00   2.0000000e+00   5.4419442e+01   1.4152167e+02   3.6561335e+01   0.0000000e+00
   1.0000000e+00   5.1000000e+01   1.0000000e+00   0.0000000e+00   3.0000000e+00   8.8171057e+01   1.4351136e+02   3.6089784e+01   1.0000000e+00
   0.0000000e+00   5.3000000e+01   1.0000000e+00   1.0000000e+00   2.0000000e+00   6.1850611e+01   1.3492088e+02   3.7404590e+01   0.0000000e+00
   0.0000000e+00   5.7000000e+01   0.0000000e+00   0.0000000e+00   1.0000000e+00   4.7793012e+01   1.4036323e+02   3.7339061e+01   0.0000000e+00
   1.0000000e+00   5.0000000e+01   1.0000000e+00   0.0000000e+00   0.0000000e+00   7.3492882e+01   1.1929030e+02   3.8812474e+01   1.0000000e+00
   0.0000000e+00   6.2000000e+01   1.0000000e+00   0.0000000e+00   3.0000000e+00   5.1109481e+01   1.1582488e+02   3.7995610e+01   1.0000000e+00
   1.0000000e+00   5.4000000e+01   0.0000000e+00   0.0000000e+00   3.0000000e+00   5.7516565e+01   1.4590245e+02   3.6737302e+01   1.0000000e+00
   0.0000000e+00   6.2000000e+01   0.0000000e+00   1.0000000e+00   3.0000000e+00   6.5521361e+01   1.4884072e+02   3.6921627e+01   0.0000000e+00
   1.0000000e+00   5.9000000e+01   1.0000000e+00   1.0000000e+00   2.0000000e+00   6.6378334e+01   1.5470806e+02   3.6448692e+01   0.0000000e+00
   1.0000000e+00   6.0000000e+01   1.0000000e+00   0.0000000e+00   0.0000000e+00   8.5650136e+01   1.5545824e+02   3.7022827e+01   1.0000000e+00
   1.0000000e+00   5.9000000e+01   0.0000000e+00   1.0000000e+00   1.0000000e+00   8.6161168e+01   1.2394322e+02   3.6601118e+01   0.0000000e+00
   0.0000000e+00   8.0000000e+01   0.0000000e+00   1.0000000e+00   0.0000000e+00   8.1207176e+01   1.5582682e+02   3.7222854e+01   0.0000000e+00
   1.0000000e+00   7.2000000e+01   0.0000000e+00   1.0000000e+00   3.0000000e+00   6.2753808e+01   1.1813982e+02   3.7212218e+01   0.0000000e+00
   1.0000000e+00   6.6000000e+01   0.0000000e+00   0.0000000e+00   0.0000000e+00   8.5822863e+01   1.4098951e+02   3.8376520e+01   1.0000000e+00
   1.0000000e+00   4.7000000e+01   1.0000000e+00   0.0000000e+00   2.0000000e+00   4.4068895e+01   1.3191490e+02   3.6891809e+01   1.0000000e+00
   1.0000000e+00   4.5000000e+01   0.0000000e+00   1.0000000e+00   2.0000000e+00   3.8000000e+01   1.2828255e+02   3.8964165e+01   1.0000000e+00
   1.0000000e+00   4.1000000e+01   1.0000000e+00   0.0000000e+00   1.0000000e+00   7.4294110e+01   1.2363283e+02   3.7663260e+01   1.0000000e+00
   0.0000000e+00   9.6000000e+01   1.0000000e+00   1.0000000e+00   3.0000000e+00   7.2938425e+01   1.5722362e+02   3.7918511e+01   0.0000000e+00
   1.0000000e+00   7.7000000e+01   1.0000000e+00   1.0000000e+00   3.0000000e+00   8.1125489e+01   1.2248282e+02   3.7243130e+01   0.0000000e+00
   0.0000000e+00   6.8000000e+01   1.0000000e+00   1.0000000e+00   0.0000000e+00   5.3478682e+01   1.6407964e+02   3.8671125e+01   0.0000000e+00
   1.0000000e+00   5.3000000e+01   1.0000000e+00   1.0000000e+00   0.0000000e+00   6.0810675e+01   1.4446816e+02   3.7147341e+01   0.0000000e+00
   1.0000000e+00   5.1000000e+01   0.0000000e+00   1.0000000e+00   2.0000000e+00   6.3769105e+01   1.5446361e+02   3.7982095e+01   0.0000000e+00
   0.0000000e+00   7.2000000e+01   0.0000000e+00   1.0000000e+00   1.0000000e+00   8.4305510e+01   1.2190943e+02   3.6878936e+01   0.0000000e+00
   0.0000000e+00   8.4000000e+01   1.0000000e+00   0.0000000e+00   1.0000000e+00   6.1628862e+01   1.5485142e+02   3.7351049e+01   0.0000000e+00
   1.0000000e+00   4.5000000e+01   1.0000000e+00   1.0000000e+00   0.0000000e+00   4.9598245e+01   1.5418806e+02   3.7589428e+01   0.0000000e+00
   1.0000000e+00   6.0000000e+01   1.0000000e+00   1.0000000e+00   3.0000000e+00   7.1202116e+01   1.1597592e+02   3.8561366e+01   1.0000000e+00
   0.0000000e+00   6.4000000e+01   1.0000000e+00   1.0000000e+00   1.0000000e+00   4.4409604e+01   1.5842944e+02   3.7890889e+01   0.0000000e+00
   0.0000000e+00   4.1000000e+01   0.0000000e+00   0.0000000e+00   3.0000000e+00   5.3040034e+01   1.3321052e+02   3.7174981e+01   0.0000000e+00
   1.0000000e+00   7.5000000e+01   1.0000000e+00   0.0000000e+00   0.0000000e+00   4.2159082e+01   1.5530708e+02   3.6328126e+01   0.0000000e+00
   1.0000000e+00   6.0000000e+01   1.0000000e+00   1.0000000e+00   2.0000000e+00   8.5368192e+01   1.3795924e+02   3.6871601e+01   0.0000000e+00
   1.0000000e+00   8.8000000e+01   0.0000000e+00   1.0000000e+00   1.0000000e+00   5.3337314e+01   1.6209499e+02   3.6113195e+01   0.0000000e+00
   1.0000000e+00   6.0000000e+01   1.0000000e+00   1.0000000e+00   1.0000000e+00   5.9624933e+01   1.4955073e+02   3.8347324e+01   0.0000000e+00
   0.0000000e+00   7.0000000e+01   0.0000000e+00   1.0000000e+00   3.0000000e+00   7.4543849e+01   1.2771226e+02   3.6616065e+01   0.0000000e+00
   1.0000000e+00   5.1000000e+01   1.0000000e+00   1.0000000e+00   0.0000000e+00   6.3401155e+01   1.6488628e+02   3.7511267e+01   0.0000000e+00
   1.0000000e+00   5.8000000e+01   0.0000000e+00   0.0000000e+00   0.0000000e+00   6.4521277e+01   1.2471250e+02   3.7567961e+01   0.0000000e+00
   1.0000000e+00   5.1000000e+01   1.0000000e+00   0.0000000e+00   2.0000000e+00   6.2425746e+01   1.2873551e+02   3.7746995e+01   1.0000000e+00
   0.0000000e+00   7.0000000e+01   0.0000000e+00   1.0000000e+00   1.0000000e+00   4.7381658e+01   1.3851229e+02   3.8673182e+01   0.0000000e+00
   0.0000000e+00   8.1000000e+01   0.0000000e+00   0.0000000e+00   3.0000000e+00   5.0053589e+01   1.3116388e+02   3.7168043e+01   0.0000000e+00
   0.0000000e+00   5.8000000e+01   0.0000000e+00   0.0000000e+00   2.0000000e+00   4.2156459e+01   1.4283161e+02   3.8257280e+01   1.0000000e+00
   0.0000000e+00   7.0000000e+01   0.0000000e+00   1.0000000e+00   2.0000000e+00   3.8000000e+01   1.4552924e+02   3.8897457e+01   0.0000000e+00
   0.0000000e+00   5.9000000e+01   0.0000000e+00   1.0000000e+00   1.0000000e+00   8.3293767e+01   1.6458938e+02   3.6986998e+01   0.0000000e+00
   1.0000000e+00   6.6000000e+01   0.0000000e+00   0.0000000e+00   3.0000000e+00   7.9295089e+01   1.2227206e+02   3.7026560e+01   0.0000000e+00
   1.0000000e+00   7.9000000e+01   0.0000000e+00   0.0000000e+00   2.0000000e+00   5.7935849e+01   1.4158489e+02   3.6256608e+01   0.0000000e+00
   0.0000000e+00   6.6000000e+01   1.0000000e+00   1.0000000e+00   3.0000000e+00   7.6130229e+01   1.2535996e+02   3.8093933e+01   1.0000000e+00
   0.0000000e+00   5.3000000e+01   0.0000000e+00   0.0000000e+00   0.0000000e+00   4.5522825e+01   1.2393381e+02   3.7474234e+01   0.0000000e+00
   1.0000000e+00   5.5000000e+01   0.0000000e+00   1.0000000e+00   3.0000000e+00   8.4598975e+01   1.2703355e+02   3.6368459e+01   0.0000000e+00
   0.0000000e+00   6.3000000e+01   0.0000000e+00   0.0000000e+00   0.0000000e+00   8.0218131e+01   1.3733184e+02   3.7680618e+01   0.0000000e+00
   0.0000000e+00   6.3000000e+01   1.0000000e+00   1.0000000e+00   1.0000000e+00   7.6059893e+01   1.2154396e+02   3.8148334e+01   0.0000000e+00
   1.0000000e+00   5.5000000e+01   1.0000000e+00   1.0000000e+00   3.0000000e+00   6.3849588e+01   1.3624946e+02   3.6590299e+01   0.0000000e+00
   0.0000000e+00   6.7000000e+01   0.0000000e+00   1.0000000e+00   1.0000000e+00   7.8284242e+01   1.2985820e+02   3.6859848e+01   0.0000000e+00
   1.0000000e+00   8.0000000e+01   1.0000000e+00   0.0000000e+00   3.0000000e+00   4.5809334e+01   1.3781013e+02   3.6727555e+01   1.0000000e+00
   1.0000000e+00   6.2000000e+01   1.0000000e+00   0.0000000e+00   0.0000000e+00   6.8240059e+01   1.4171706e+02   3.7317158e+01   0.0000000e+00
   1.0000000e+00   6.3000000e+01   1.0000000e+00   0.0000000e+00   1.0000000e+00   8.9891597e+01   1.1633507e+02   3.8401730e+01   1.0000000e+00
   0.0000000e+00   3.9000000e+01   1.0000000e+00   1.0000000e+00   3.0000000e+00   6.0547133e+01   1.5439247e+02   3.7514907e+01   0.0000000e+00
   1.0000000e+00   5.6000000e+01   1.0000000e+00   0.0000000e+00   1.0000000e+00   8.6749619e+01   1.6241080e+02   3.7592917e+01   1.0000000e+00
   0.0000000e+00   4.8000000e+01   0.0000000e+00   1.0000000e+00   1.0000000e+00   7.8802386e+01   1.3809443e+02   3.8311982e+01   0.0000000e+00
   0.0000000e+00   6.0000000e+01   0.0000000e+00   1.0000000e+00   1.0000000e+00   7.3732671e+01   1.4872873e+02   3.6066563e+01   0.0000000e+00
   0.0000000e+00   7.1000000e+01   1.0000000e+00   1.0000000e+00   2.0000000e+00   8.4178419e+01   1.3930766e+02   3.8184656e+01   0.0000000e+00
   0.0000000e+00   8.3000000e+01   1.0000000e+00   0.0000000e+00   2.0000000e+00   7.6042162e+01   1.3822604e+02   3.6592450e+01   0.0000000e+00
   0.0000000e+00   8.7000000e+01   1.0000000e+00   1.0000000e+00   0.0000000e+00   8.4447296e+01   1.5486208e+02   3.7771981e+01   0.0000000e+00
   1.0000000e+00   6.4000000e+01   0.0000000e+00   0.0000000e+00   0.0000000e+00   8.1500543e+01   1.5854407e+02   3.7930414e+01   1.0000000e+00
   1.0000000e+00   6.1000000e+01   0.0000000e+00   0.0000000e+00   3.0000000e+00   6.4829645e+01   1.3352249e+02   3.6433843e+01   1.0000000e+00
   1.0000000e+00   7.5000000e+01   0.0000000e+00   0.0000000e+00   0.0000000e+00   7.1208770e+01   1.2241211e+02   3.7426626e+01   1.0000000e+00
   1.0000000e+00   7.1000000e+01   1.0000000e+00   0.0000000e+00   1.0000000e+00   4.6501762e+01   1.6112583e+02   3.5990037e+01   0.0000000e+00
   1.0000000e+00   7.4000000e+01   1.0000000e+00   1.0000000e+00   2.0000000e+00   7.1091181e+01   1.4547977e+02   3.8715572e+01   1.0000000e+00
   1.0000000e+00   7.4000000e+01   0.0000000e+00   0.0000000e+00   2.0000000e+00   5.9287309e+01   1.1533290e+02   3.8250778e+01   1.0000000e+00
   0.0000000e+00   4.7000000e+01   0.0000000e+00   1.0000000e+00   3.0000000e+00   3.8000000e+01   1.5875036e+02   3.9005180e+01   0.0000000e+00
   1.0000000e+00   7.1000000e+01   1.0000000e+00   1.0000000e+00   1.0000000e+00   8.1381542e+01   1.1793427e+02   3.8934818e+01   1.0000000e+00
   1.0000000e+00   6.4000000e+01   1.0000000e+00   1.0000000e+00   2.0000000e+00   4.9623744e+01   1.2449819e+02   3.8563863e+01   1.0000000e+00
   0.0000000e+00   5.6000000e+01   0.0000000e+00   1.0000000e+00   2.0000000e+00   8.6158867e+01   1.5186105e+02   3.6797015e+01   0.0000000e+00
   0.0000000e+00   5.7000000e+01   1.0000000e+00   0.0000000e+00   0.0000000e+00   4.3993909e+01   1.4310280e+02   3.8111609e+01   0.0000000e+00
   0.0000000e+00   8.0000000e+01   0.0000000e+00   0.0000000e+00   3.0000000e+00   5.7428492e+01   1.2780064e+02   3.6343295e+01   0.0000000e+00
   0.0000000e+00   5.5000000e+01   1.0000000e+00   1.0000000e+00   1.0000000e+00   2.3738102e+02   1.4253047e+02   3.7679331e+01   0.0000000e+00
   1.0000000e+00   5.0000000e+01   1.0000000e+00   0.0000000e+00   0.0000000e+00   7.3436664e+01   1.6024959e+02   3.7170285e+01   0.0000000e+00
   1.0000000e+00   6.8000000e+01   0.0000000e+00   1.0000000e+00   1.0000000e+00   8.3442377e+01   1.4639471e+02   3.6779842e+01   0.0000000e+00
   1.0000000e+00   8.9000000e+01   1.0000000e+00   0.0000000e+00   3.0000000e+00   1.8260066e+02   1.2900965e+02   3.6180502e+01   1.0000000e+00
   0.0000000e+00   6.5000000e+01   1.0000000e+00   1.0000000e+00   3.0000000e+00   4.7664088e+01   1.3962971e+02   3.8760010e+01   0.0000000e+00
   1.0000000e+00   6.9000000e+01   1.0000000e+00   0.0000000e+00   0.0000000e+00   7.9630238e+01   1.1648821e+02   3.8716259e+01   1.0000000e+00
   1.0000000e+00   5.4000000e+01   0.0000000e+00   1.0000000e+00   0.0000000e+00   1.5989799e+02   1.1525087e+02   3.7356869e+01   1.0000000e+00
   1.0000000e+00   8.5000000e+01   0.0000000e+00   0.0000000e+00   2.0000000e+00   7.3648877e+01   1.1619723e+02   3.8275291e+01   1.0000000e+00
   0.0000000e+00   6.6000000e+01   0.0000000e+00   0.0000000e+00   2.0000000e+00   4.6214526e+01   1.4219057e+02   3.9025504e+01   0.0000000e+00
   0.0000000e+00   7.1000000e+01   1.0000000e+00   1.0000000e+00   1.0000000e+00   6.8331283e+01   1.6028149e+02   3.7244816e+01   0.0000000e+00
   0.0000000e+00   5.4000000e+01   1.0000000e+00   1.0000000e+00   3.0000000e+00   4.4225584e+01   1.2052092e+02   3.6174339e+01   0.0000000e+00
   1.0000000e+00   7.5000000e+01   1.0000000e+00   1.0000000e+00   1.0000000e+00   5.5445104e+01   1.4224621e+02   3.6566601e+01   0.0000000e+00
   0.0000000e+00   7.0000000e+01   1.0000000e+00   1.0000000e+00   1.0000000e+00   7.6220435e+01   1.4990002e+02   3.7541068e+01   0.0000000e+00
   1.0000000e+00   5.1000000e+01   0.0000000e+00   0.0000000e+00   1.0000000e+00   7.5344366e+01   1.4774735e+02   3.7995610e+01   1.0000000e+00
   1.0000000e+00   6.5000000e+01   1.0000000e+00   1.0000000e+00   1.0000000e+00   6.2628790e+01   1.2408936e+02   3.7605886e+01   0.0000000e+00
   0.0000000e+00   6.0000000e+01   1.0000000e+00   0.0000000e+00   1.0000000e+00   6.1614139e+01   1.6007560e+02   3.7369356e+01   0.0000000e+00
   0.0000000e+00   6.6000000e+01   1.0000000e+00   1.0000000e+00   3.0000000e+00   7.7684510e+01   1.6197888e+02   3.7321888e+01   0.0000000e+00
   1.0000000e+00   6.2000000e+01   0.0000000e+00   0.0000000e+00   0.0000000e+00   4.7513691e+01   1.3787596e+02   3.7927692e+01   0.0000000e+00
   1.0000000e+00   6.3000000e+01   1.0000000e+00   1.0000000e+00   2.0000000e+00   8.6599602e+01   1.2278788e+02   3.7239879e+01   1.0000000e+00
   1.0000000e+00   5.3000000e+01   1.0000000e+00   0.0000000e+00   2.0000000e+00   8.9645536e+01   1.6105345e+02   3.8415369e+01   1.0000000e+00
   1.0000000e+00   6.1000000e+01   1.0000000e+00   1.0000000e+00   2.0000000e+00   8.1811721e+01   1.5511098e+02   3.6972428e+01   0.0000000e+00
   1.0000000e+00   7.4000000e+01   1.0000000e+00   0.0000000e+00   0.0000000e+00   4.4318454e+01   1.5259566e+02   3.7799606e+01   1.0000000e+00
   1.0000000e+00   8.6000000e+01   0.0000000e+00   0.0000000e+00   0.0000000e+00   5.2444356e+01   1.4844663e+02   3.6588272e+01   0.0000000e+00
   0.0000000e+00   5.1000000e+01   0.0000000e+00   1.0000000e+00   3.0000000e+00   6.3532339e+01   1.4570922e+02   3.6284418e+01   0.0000000e+00
   0.0000000e+00   9.4000000e+01   1.0000000e+00   0.0000000e+00   1.0000000e+00   5.1295126e+01   1.1873024e+02   3.7977243e+01   0.0000000e+00
   0.0000000e+00   8.3000000e+01   0.0000000e+00   0.0000000e+00   3.0000000e+00   3.8000000e+01   1.4195403e+02   3.7680195e+01   1.0000000e+00
   0.0000000e+00   6.7000000e+01   0.0000000e+00   1.0000000e+00   1.0000000e+00   7.2814228e+01   1.2284972e+02   3.6593679e+01   0.0000000e+00
   0.0000000e+00   6.1000000e+01   0.0000000e+00   0.0000000e+00   1.0000000e+00   5.3205175e+01   1.1552157e+02   3.8094321e+01   1.0000000e+00
   0.0000000e+00   5.7000000e+01   0.0000000e+00   0.0000000e+00   1.0000000e+00   7.7941186e+01   1.2427442e+02   3.5954832e+01   0.0000000e+00
   1.0000000e+00   7.5000000e+01   1.0000000e+00   1.0000000e+00   0.0000000e+00   7.8795807e+01   1.5353522e+02   3.7741973e+01   0.0000000e+00
   1.0000000e+00   5.7000000e+01   1.0000000e+00   1.0000000e+00   1.0000000e+00   8.2772766e+01   1.5820520e+02   3.7038217e+01   0.0000000e+00
   0.0000000e+00   5.9000000e+01   1.0000000e+00   1.0000000e+00   3.0000000e+00   8.7299041e+01   1.2410698e+02   3.6235294e+01   0.0000000e+00
   0.0000000e+00   7.6000000e+01   0.0000000e+00   1.0000000e+00   1.0000000e+00   7.9104915e+01   1.2011024e+02   3.7827281e+01   0.0000000e+00
   1.0000000e+00   7.0000000e+01   1.0000000e+00   1.0000000e+00   1.0000000e+00   8.4641702e+01   1.5958490e+02   3.6861493e+01   0.0000000e+00
   1.0000000e+00   7.6000000e+01   0.0000000e+00   0.0000000e+00   3.0000000e+00   8.3140578e+01   1.3683813e+02   3.6050412e+01   1.0000000e+00
   0.0000000e+00   7.1000000e+01   0.0000000e+00   0.0000000e+00   2.0000000e+00   7.9436976e+01   1.4038009e+02   3.6654850e+01   0.0000000e+00
   1.0000000e+00   6.0000000e+01   0.0000000e+00   0.0000000e+00   1.0000000e+00   4.0538819e+01   1.3835182e+02   3.6894240e+01   0.0000000e+00
   0.0000000e+00   5.9000000e+01   0.0000000e+00   0.0000000e+00   3.0000000e+00   7.0969612e+01   1.2624884e+02   3.6318443e+01   0.0000000e+00
   0.0000000e+00   7.5000000e+01   1.0000000e+00   1.0000000e+00   0.0000000e+00   6.3660077e+01   1.3959852e+02   3.7883840e+01   0.0000000e+00
   0.0000000e+00   5.7000000e+01   0.0000000e+00   1.0000000e+00   1.0000000e+00   5.3783425e+01   1.1720127e+02   3.7318921e+01   0.0000000e+00
   1.0000000e+00   7.9000000e+01   0.0000000e+00   0.0000000e+00   2.0000000e+00   8.0772545e+01   1.6388990e+02   3.8703146e+01   1.0000000e+00
   0.0000000e+00   7.4000000e+01   1.0000000e+00   1.0000000e+00   3.0000000e+00   4.3434808e+01   1.1619221e+02   3.8235658e+01   0.0000000e+00
   1.0000000e+00   6.8000000e+01   1.0000000e+00   0.0000000e+00   3.0000000e+00   6.0812590e+01   1.5855010e+02   3.6970325e+01   1.0000000e+00
   0.0000000e+00   6.5000000e+01   0.0000000e+00   0.0000000e+00   0.0000000e+00   7.0004967e+01   1.4438723e+02   3.8193229e+01   0.0000000e+00
   0.0000000e+00   6.9000000e+01   0.0000000e+00   1.0000000e+00   2.0000000e+00   4.0239625e+01   1.2137027e+02   3.6985830e+01   0.0000000e+00
   0.0000000e+00   1.0700000e+02   1.0000000e+00   0.0000000e+00   0.0000000e+00   8.5501781e+01   1.2816227e+02   3.8128326e+01   1.0000000e+00
   0.0000000e+00   6.4000000e+01   0.0000000e+00   1.0000000e+00   0.0000000e+00   6.0975347e+01   1.6349260e+02   3.6676788e+01   0.0000000e+00
   1.0000000e+00   4.6000000e+01   1.0000000e+00   0.0000000e+00   1.0000000e+00   4.8129522e+01   1.3733184e+02   3.7626846e+01   1.0000000e+00
   1.0000000e+00   8.8000000e+01   0.0000000e+00   0.0000000e+00   0.0000000e+00   3.9677618e+01   1.3703608e+02   3.8803292e+01   1.0000000e+00
   0.0000000e+00   7.2000000e+01   1.0000000e+00   1.0000000e+00   1.0000000e+00   5.4549312e+01   1.1919408e+02   3.6864234e+01   0.0000000e+00
   1.0000000e+00   5.7000000e+01   1.0000000e+00   1.0000000e+00   0.0000000e+00   4.3590822e+01   1.3419315e+02   3.7661559e+01   0.0000000e+00
   1.0000000e+00   9.6000000e+01   0.0000000e+00   1.0000000e+00   3.0000000e+00   5.9755332e+01   1.5069579e+02   3.7841863e+01   1.0000000e+00
   1.0000000e+00   7.2000000e+01   0.0000000e+00   0.0000000e+00   0.0000000e+00   8.2847019e+01   1.5651127e+02   3.7495124e+01   0.0000000e+00
   0.0000000e+00   6.9000000e+01   1.0000000e+00   1.0000000e+00   0.0000000e+00   6.1081765e+01   1.3023561e+02   3.7868154e+01   0.0000000e+00
   0.0000000e+00   5.6000000e+01   1.0000000e+00   0.0000000e+00   2.0000000e+00   8.6802307e+01   1.3797094e+02   3.6150422e+01   1.0000000e+00
   0.0000000e+00   5.2000000e+01   0.0000000e+00   0.0000000e+00   2.0000000e+00   4.8085327e+01   1.2441962e+02   3.8089824e+01   1.0000000e+00
   1.0000000e+00   4.4000000e+01   1.0000000e+00   0.0000000e+00   3.0000000e+00   8.5671130e+01   1.4523953e+02   3.7099883e+01   1.0000000e+00
   0.0000000e+00   6.0000000e+01   1.0000000e+00   1.0000000e+00   0.0000000e+00   8.9876089e+01   1.3622583e+02   3.6289316e+01   0.0000000e+00
   1.0000000e+00   5.2000000e+01   0.0000000e+00   1.0000000e+00   2.0000000e+00   3.9769142e+01   1.6094264e+02   3.7856894e+01   0.0000000e+00
   1.0000000e+00   7.3000000e+01   1.0000000e+00   0.0000000e+00   0.0000000e+00   5.9945021e+01   1.1556203e+02   3.8435904e+01   1.0000000e+00
   0.0000000e+00   6.1000000e+01   1.0000000e+00   1.0000000e+00   0.0000000e+00   6.4935885e+01   1.6330762e+02   3.6968298e+01   0.0000000e+00
   1.0000000e+00   8.6000000e+01   0.0000000e+00   1.0000000e+00   3.0000000e+00   6.5642902e+01   1.5832534e+02   3.7318400e+01   0.0000000e+00
   0.0000000e+00   8.3000000e+01   0.0000000e+00   1.0000000e+00   3.0000000e+00   5.4667322e+01   1.2800582e+02   3.6888884e+01   0.0000000e+00
   0.0000000e+00   6.7000000e+01   0.0000000e+00   0.0000000e+00   2.0000000e+00   7.3464570e+01   1.6358362e+02   3.7468269e+01   0.0000000e+00
   0.0000000e+00   6.2000000e+01   1.0000000e+00   0.0000000e+00   2.0000000e+00   8.0035526e+01   1.3190257e+02   3.6496114e+01   0.0000000e+00
   0.0000000e+00   7.9000000e+01   1.0000000e+00   1.0000000e+00   0.0000000e+00   8.1476824e+01   1.5025381e+02   3.6111862e+01   0.0000000e+00
   0.0000000e+00   5.1000000e+01   1.0000000e+00   1.0000000e+00   0.0000000e+00   5.6506832e+01   1.3753187e+02   3.8554107e+01   0.0000000e+00
   1.0000000e+00   7.3000000e+01   0.0000000e+00   0.0000000e+00   0.0000000e+00   8.3559745e+01   1.5086025e+02   3.6384338e+01   0.0000000e+00
   0.0000000e+00   5.7000000e+01   0.0000000e+00   0.0000000e+00   3.0000000e+00   7.0072397e+01   1.3027778e+02   3.8426819e+01   1.0000000e+00
   0.0000000e+00   6.0000000e+01   0.0000000e+00   0.0000000e+00   0.0000000e+00   7.7692505e+01   1.6338596e+02   3.6652696e+01   0.0000000e+00
   1.0000000e+00   5.7000000e+01   1.0000000e+00   1.0000000e+00   2.0000000e+00   6.4249139e+01   1.5424780e+02   3.6274362e+01   0.0000000e+00
   1.0000000e+00   7.2000000e+01   0.0000000e+00   0.0000000e+00   1.0000000e+00   7.2848410e+01   1.3733184e+02   3.8139444e+01   1.0000000e+00
   0.0000000e+00   5.6000000e+01   0.0000000e+00   0.0000000e+00   1.0000000e+00   8.6910455e+01   1.4676149e+02   3.6290738e+01   0.0000000e+00
   1.0000000e+00   5.2000000e+01   1.0000000e+00   0.0000000e+00   3.0000000e+00   8.9421209e+01   1.4702550e+02   3.6175247e+01   1.0000000e+00
   1.0000000e+00   7.2000000e+01   0.0000000e+00   1.0000000e+00   1.0000000e+00   4.7174412e+01   1.6100329e+02   3.8587203e+01   0.0000000e+00
   1.0000000e+00   6.0000000e+01   0.0000000e+00   1.0000000e+00   3.0000000e+00   7.9544507e+01   1.2562027e+02   3.6158836e+01   0.0000000e+00
   1.0000000e+00   6.9000000e+01   1.0000000e+00   1.0000000e+00   2.0000000e+00   7.2179105e+01   1.3373872e+02   3.8206008e+01   1.0000000e+00
   0.0000000e+00   6.1000000e+01   0.0000000e+00   0.0000000e+00   3.0000000e+00   6.2851121e+01   1.4774099e+02   3.6229207e+01   0.0000000e+00
   0.0000000e+00   6.8000000e+01   0.0000000e+00   1.0000000e+00   2.0000000e+00   5.9971053e+01   1.4176039e+02   3.6693272e+01   0.0000000e+00
   1.0000000e+00   3.4000000e+01   1.0000000e+00   0.0000000e+00   1.0000000e+00   7.6644912e+01   1.3733184e+02   3.7096376e+01   1.0000000e+00
   0.0000000e+00   7.1000000e+01   0.0000000e+00   1.0000000e+00   0.0000000e+00   6.8732229e+01   1.2804600e+02   3.6861241e+01   0.0000000e+00
   0.0000000e+00   8.7000000e+01   1.0000000e+00   0.0000000e+00   0.0000000e+00   7.2222043e+01   1.6382971e+02   3.6827431e+01   0.0000000e+00
   0.0000000e+00   7.7000000e+01   0.0000000e+00   1.0000000e+00   2.0000000e+00   5.2253527e+01   1.4375277e+02   3.8583539e+01   0.0000000e+00
   0.0000000e+00   7.6000000e+01   0.0000000e+00   0.0000000e+00   0.0000000e+00   4.6009247e+01   1.1990361e+02   3.8876057e+01   0.0000000e+00
   1.0000000e+00   6.2000000e+01   0.0000000e+00   0.0000000e+00   0.0000000e+00   5.4558158e+01   1.2994724e+02   3.8644714e+01   1.0000000e+00
   1.0000000e+00   6.7000000e+01   0.0000000e+00   1.0000000e+00   1.0000000e+00   7.9865601e+01   1.5283833e+02   3.6243872e+01   0.0000000e+00
   0.0000000e+00   6.8000000e+01   0.0000000e+00   1.0000000e+00   0.0000000e+00   6.2146654e+01   1.2929274e+02   3.6915076e+01   0.0000000e+00
   1.0000000e+00   6.6000000e+01   1.0000000e+00   0.0000000e+00   3.0000000e+00   3.9621313e+01   1.3332323e+02   3.7046703e+01   1.0000000e+00
   0.0000000e+00   5.5000000e+01   0.0000000e+00   0.0000000e+00   3.0000000e+00   3.8000000e+01   1.6110808e+02   3.6354498e+01   0.0000000e+00
   1.0000000e+00   6.1000000e+01   0.0000000e+00   1.0000000e+00   1.0000000e+00   4.0848242e+01   1.2930786e+02   3.7671250e+01   0.0000000e+00
   1.0000000e+00   6.3000000e+01   0.0000000e+00   1.0000000e+00   0.0000000e+00   5.1399684e+01   1.4667674e+02   3.8836821e+01   0.0000000e+00
   1.0000000e+00   5.9000000e+01   1.0000000e+00   0.0000000e+00   2.0000000e+00   7.1651559e+01   1.3307605e+02   3.7335393e+01   1.0000000e+00
   0.0000000e+00   7.5000000e+01   0.0000000e+00   1.0000000e+00   2.0000000e+00   8.5155313e+01   1.5725860e+02   3.7090236e+01   0.0000000e+00
   1.0000000e+00   9.5000000e+01   0.0000000e+00   0.0000000e+00   1.0000000e+00   6.9381410e+01   1.2443465e+02   3.6671167e+01   0.0000000e+00
   0.0000000e+00   4.9000000e+01   0.0000000e+00   0.0000000e+00   1.0000000e+00   8.6542537e+01   1.4026935e+02   3.6893413e+01   0.0000000e+00
   1.0000000e+00   6.7000000e+01   0.0000000e+00   1.0000000e+00   1.0000000e+00   7.2553270e+01   1.2354836e+02   3.7307012e+01   0.0000000e+00
   0.0000000e+00   4.8000000e+01   0.0000000e+00   0.0000000e+00   0.0000000e+00   6.7204765e+01   1.3175225e+02   3.7195124e+01   0.0000000e+00
   0.0000000e+00   8.1000000e+01   1.0000000e+00   1.0000000e+00   2.0000000e+00   7.6070697e+01   1.6337647e+02   3.6188397e+01   0.0000000e+00
   1.0000000e+00   8.2000000e+01   1.0000000e+00   1.0000000e+00   1.0000000e+00   7.2535827e+01   1.4452365e+02   3.6614792e+01   0.0000000e+00
   0.0000000e+00   4.5000000e+01   1.0000000e+00   1.0000000e+00   3.0000000e+00   6.9498855e+01   1.5306822e+02   3.8385491e+01   0.0000000e+00
   0.0000000e+00   8.8000000e+01   1.0000000e+00   0.0000000e+00   3.0000000e+00   5.7167863e+01   1.4796617e+02   3.7372372e+01   0.0000000e+00
   0.0000000e+00   5.2000000e+01   1.0000000e+00   1.0000000e+00   3.0000000e+00   8.1616438e+01   1.4257308e+02   3.6133714e+01   0.0000000e+00
   1.0000000e+00   6.8000000e+01   0.0000000e+00   0.0000000e+00   3.0000000e+00   6.4270352e+01   1.3019232e+02   3.7877834e+01   1.0000000e+00
   0.0000000e+00   7.8000000e+01   1.0000000e+00   1.0000000e+00   2.0000000e+00   8.0238693e+01   1.4960058e+02   3.6620819e+01   0.0000000e+00
   1.0000000e+00   6.7000000e+01   1.0000000e+00   1.0000000e+00   1.0000000e+00   7.4846335e+01   1.2213711e+02   3.5839809e+01   0.0000000e+00
   1.0000000e+00   9.3000000e+01   0.0000000e+00   0.0000000e+00   3.0000000e+00   8.7135316e+01   1.5812443e+02   3.7719082e+01   1.0000000e+00
   0.0000000e+00   9.8000000e+01   1.0000000e+00   0.0000000e+00   0.0000000e+00   8.3132904e+01   1.5280772e+02   3.8923161e+01   0.0000000e+00
   0.0000000e+00   6.7000000e+01   1.0000000e+00   1.0000000e+00   2.0000000e+00   3.8000000e+01   1.5651047e+02   3.7845449e+01   0.0000000e+00
   1.0000000e+00   4.2000000e+01   1.0000000e+00   1.0000000e+00   1.0000000e+00   8.9941369e+01   1.4187489e+02   3.8599071e+01   0.0000000e+00
   0.0000000e+00   6.1000000e+01   0.0000000e+00   1.0000000e+00   1.0000000e+00   5.7371437e+01   1.4070902e+02   3.7101543e+01   0.0000000e+00
   1.0000000e+00   5.5000000e+01   0.0000000e+00   0.0000000e+00   3.0000000e+00   6.7543479e+01   1.5615513e+02   3.7885887e+01   1.0000000e+00
   0.0000000e+00   5.6000000e+01   0.0000000e+00   0.0000000e+00   0.0000000e+00   4.3836660e+01   1.4834744e+02   3.7921416e+01   0.0000000e+00
   1.0000000e+00   5.1000000e+01   1.0000000e+00   0.0000000e+00   1.0000000e+00   2.4484607e+02   1.4108338e+02   3.7915845e+01   1.0000000e+00
   0.0000000e+00   6.6000000e+01   0.0000000e+00   0.0000000e+00   3.0000000e+00   7.8314188e+01   1.4924945e+02   3.7385593e+01   0.0000000e+00
   1.0000000e+00   9.0000000e+01   0.0000000e+00   1.0000000e+00   0.0000000e+00   4.2431580e+01   1.6250481e+02   3.7304363e+01   0.0000000e+00
   0.0000000e+00   5.6000000e+01   0.0000000e+00   1.0000000e+00   1.0000000e+00   4.9847461e+01   1.4614353e+02   3.8332852e+01   0.0000000e+00
   1.0000000e+00   6.2000000e+01   1.0000000e+00   1.0000000e+00   3.0000000e+00   9.3930937e+01   1.2509985e+02   3.7741446e+01   1.0000000e+00
   1.0000000e+00   7.9000000e+01   0.0000000e+00   0.0000000e+00   2.0000000e+00   5.7398215e+01   1.5501604e+02   3.6622485e+01   1.0000000e+00
   1.0000000e+00   8.0000000e+01   0.0000000e+00   0.0000000e+00   0.0000000e+00   3.9431117e+01   1.3920012e+02   3.8841117e+01   1.0000000e+00
   1.0000000e+00   7.1000000e+01   0.0000000e+00   1.0000000e+00   1.0000000e+00   5.0412132e+01   1.2696444e+02   3.7682526e+01   0.0000000e+00
   1.0000000e+00   7.7000000e+01   1.0000000e+00   0.0000000e+00   0.0000000e+00   8.9835712e+01   1.6107335e+02   3.6519404e+01   0.0000000e+00
   0.0000000e+00   7.5000000e+01   0.0000000e+00   1.0000000e+00   3.0000000e+00   6.4597706e+01   1.6399789e+02   3.8539558e+01   0.0000000e+00
   0.0000000e+00   6.0000000e+01   0.0000000e+00   0.0000000e+00   0.0000000e+00   6.5455718e+01   1.2691845e+02   3.8811162e+01   0.0000000e+00
   1.0000000e+00   7.0000000e+01   1.0000000e+00   0.0000000e+00   2.0000000e+00   6.9831656e+01   1.5384261e+02   3.6648518e+01   1.0000000e+00
   0.0000000e+00   6.1000000e+01   0.0000000e+00   0.0000000e+00   0.0000000e+00   5.7568975e+01   1.6134745e+02   3.7727473e+01   0.0000000e+00
   1.0000000e+00   5.4000000e+01   1.0000000e+00   0.0000000e+00   3.0000000e+00   8.0047184e+01   1.5805123e+02   3.7109413e+01   1.0000000e+00
   0.0000000e+00   7.3000000e+01   1.0000000e+00   0.0000000e+00   2.0000000e+00   5.7279441e+01   1.3884132e+02   3.8108087e+01   1.0000000e+00
   0.0000000e+00   6.6000000e+01   0.0000000e+00   1.0000000e+00   1.0000000e+00   7.5076975e+01   1.3779929e+02   3.7098061e+01   0.0000000e+00
   0.0000000e+00   6.3000000e+01   0.0000000e+00   1.0000000e+00   0.0000000e+00   4.6720908e+01   1.3271825e+02   3.8388038e+01   0.0000000e+00
   0.0000000e+00   6.9000000e+01   0.0000000e+00   0.0000000e+00   1.0000000e+00   5.9780456e+01   1.4552262e+02   3.7248193e+01   0.0000000e+00
   1.0000000e+00   7.7000000e+01   1.0000000e+00   0.0000000e+00   0.0000000e+00   7.0160351e+01   1.4809463e+02   3.7553637e+01   1.0000000e+00
   0.0000000e+00   7.0000000e+01   1.0000000e+00   1.0000000e+00   0.0000000e+00   7.7799404e+01   1.5003115e+02   3.6371651e+01   0.0000000e+00
   0.0000000e+00   6.7000000e+01   1.0000000e+00   0.0000000e+00   1.0000000e+00   8.7349857e+01   1.2474068e+02   3.7588056e+01   1.0000000e+00
   1.0000000e+00   6.8000000e+01   1.0000000e+00   0.0000000e+00   2.0000000e+00   8.3485377e+01   1.2136970e+02   3.6932885e+01   1.0000000e+00
   0.0000000e+00   6.6000000e+01   1.0000000e+00   0.0000000e+00   0.0000000e+00   8.5825447e+01   1.6338424e+02   3.7373719e+01   0.0000000e+00
   1.0000000e+00   5.6000000e+01   0.0000000e+00   1.0000000e+00   3.0000000e+00   4.1238503e+01   1.2406429e+02   3.8080877e+01   0.0000000e+00
   0.0000000e+00   7.4000000e+01   1.0000000e+00   1.0000000e+00   0.0000000e+00   7.2092159e+01   1.2759679e+02   3.6956898e+01   0.0000000e+00
   1.0000000e+00   8.2000000e+01   0.0000000e+00   1.0000000e+00   2.0000000e+00   6.7674217e+01   1.4214556e+02   3.9026545e+01   0.0000000e+00
   0.0000000e+00   5.9000000e+01   0.0000000e+00   0.0000000e+00   2.0000000e+00   7.9233429e+01   1.5929391e+02   3.7908136e+01   1.0000000e+00
   0.0000000e+00   8.8000000e+01   0.0000000e+00   1.0000000e+00   2.0000000e+00   7.5010056e+01   1.1513701e+02   3.8318705e+01   1.0000000e+00
   0.0000000e+00   6.3000000e+01   1.0000000e+00   1.0000000e+00   3.0000000e+00   4.1653766e+01   1.1622502e+02   3.8410226e+01   0.0000000e+00
   0.0000000e+00   6.2000000e+01   1.0000000e+00   1.0000000e+00   2.0000000e+00   6.0389608e+01   1.3580440e+02   3.7193355e+01   0.0000000e+00
   0.0000000e+00   5.4000000e+01   1.0000000e+00   0.0000000e+00   1.0000000e+00   8.8384214e+01   1.5474730e+02   3.8243222e+01   1.0000000e+00
   0.0000000e+00   5.5000000e+01   1.0000000e+00   1.0000000e+00   2.0000000e+00   4.6000296e+01   1.3733184e+02   3.6484204e+01   0.0000000e+00
   1.0000000e+00   5.4000000e+01   1.0000000e+00   1.0000000e+00   0.0000000e+00   6.1713766e+01   1.1901438e+02   3.6962560e+01   0.0000000e+00
   0.0000000e+00   6.9000000e+01   1.0000000e+00   1.0000000e+00   1.0000000e+00   6.5527281e+01   1.3920906e+02   3.6154431e+01   0.0000000e+00
   1.0000000e+00   8.4000000e+01   0.0000000e+00   0.0000000e+00   3.0000000e+00   4.7017889e+01   1.4131823e+02   3.8686554e+01   1.0000000e+00
   1.0000000e+00   7.1000000e+01   0.0000000e+00   1.0000000e+00   2.0000000e+00   7.3493370e+01   1.5773536e+02   3.6642777e+01   0.0000000e+00
   1.0000000e+00   7.5000000e+01   0.0000000e+00   0.0000000e+00   0.0000000e+00   3.8000000e+01   1.1919086e+02   3.7316549e+01   1.0000000e+00
   0.0000000e+00   8.1000000e+01   1.0000000e+00   0.0000000e+00   3.0000000e+00   6.4792497e+01   1.1827261e+02   3.8996989e+01   1.0000000e+00
   0.0000000e+00   3.5000000e+01   1.0000000e+00   0.0000000e+00   0.0000000e+00   6.3756505e+01   1.1766936e+02   3.8458425e+01   1.0000000e+00
   1.0000000e+00   6.3000000e+01   0.0000000e+00   0.0000000e+00   0.0000000e+00   4.1388217e+01   1.5388360e+02   3.6031873e+01   0.0000000e+00
   0.0000000e+00   6.9000000e+01   0.0000000e+00   0.0000000e+00   2.0000000e+00   7.4988687e+01   1.6186776e+02   3.6573817e+01   0.0000000e+00
   1.0000000e+00   7.4000000e+01   1.0000000e+00   0.0000000e+00   3.0000000e+00   8.5598571e+01   1.6494576e+02   3.7617135e+01   1.0000000e+00
   0.0000000e+00   4.9000000e+01   1.0000000e+00   1.0000000e+00   3.0000000e+00   3.9749338e+01   1.1509669e+02   3.7690615e+01   0.0000000e+00
   0.0000000e+00   5.3000000e+01   0.0000000e+00   0.0000000e+00   1.0000000e+00   7.8565710e+01   1.2166882e+02   3.8865653e+01   0.0000000e+00
   1.0000000e+00   7.4000000e+01   0.0000000e+00   0.0000000e+00   3.0000000e+00   7.1285439e+01   1.5999681e+02   3.8231389e+01   1.0000000e+00
   0.0000000e+00   6.4000000e+01   1.0000000e+00   1.0000000e+00   1.0000000e+00   7.8207975e+01   1.6262995e+02   3.8536250e+01   0.0000000e+00
   1.0000000e+00   7.2000000e+01   1.0000000e+00   1.0000000e+00   3.0000000e+00   6.0097902e+01   1.4554034e+02   3.7591620e+01   1.0000000e+00
   0.0000000e+00   5.3000000e+01   1.0000000e+00   0.0000000e+00   3.0000000e+00   6.5963460e+01   1.3464999e+02   3.6216976e+01   0.0000000e+00
   1.0000000e+00   4.5000000e+01   0.0000000e+00   1.0000000e+00   0.0000000e+00   4.3465206e+01   1.6138361e+02   3.8556326e+01   0.0000000e+00
   0.0000000e+00   7.4000000e+01   1.0000000e+00   0.0000000e+00   2.0000000e+00   5.4337420e+01   1.4353503e+02   3.6225559e+01   0.0000000e+00
   1.0000000e+00   7.9000000e+01   0.0000000e+00   0.0000000e+00   2.0000000e+00   5.3073792e+01   1.6059039e+02   3.6182436e+01   0.0000000e+00
   1.0000000e+00   8.5000000e+01   0.0000000e+00   1.0000000e+00   3.0000000e+00   5.3823552e+01   1.3733184e+02   3.6807548e+01   1.0000000e+00
   1.0000000e+00   4.7000000e+01   1.0000000e+00   1.0000000e+00   0.0000000e+00   2.7217848e+02   1.5934412e+02   3.7473156e+01   0.0000000e+00
   0.0000000e+00   4.9000000e+01   1.0000000e+00   0.0000000e+00   3.0000000e+00   7.0577853e+01   1.5866474e+02   3.7494738e+01   1.0000000e+00
   1.0000000e+00   4.7000000e+01   1.0000000e+00   1.0000000e+00   1.0000000e+00   6.6109696e+01   1.1807570e+02   3.8655854e+01   0.0000000e+00
   0.0000000e+00   6.5000000e+01   0.0000000e+00   0.0000000e+00   2.0000000e+00   4.8735877e+01   1.4015134e+02   3.8247210e+01   0.0000000e+00
   1.0000000e+00   5.8000000e+01   1.0000000e+00   1.0000000e+00   2.0000000e+00   8.8708043e+01   1.4812332e+02   3.6956634e+01   0.0000000e+00
   1.0000000e+00   8.1000000e+01   1.0000000e+00   1.0000000e+00   3.0000000e+00   4.9332037e+01   1.4925356e+02   3.6898769e+01   0.0000000e+00
   0.0000000e+00   4.8000000e+01   1.0000000e+00   1.0000000e+00   1.0000000e+00   8.2509508e+01   1.3148078e+02   3.7390224e+01   0.0000000e+00
   1.0000000e+00   4.4000000e+01   0.0000000e+00   1.0000000e+00   2.0000000e+00   8.9936687e+01   1.5224350e+02   3.7942680e+01   1.0000000e+00
   1.0000000e+00   6.7000000e+01   1.0000000e+00   0.0000000e+00   0.0000000e+00   4.7721917e+01   1.4453301e+02   3.5967389e+01   0.0000000e+00
   0.0000000e+00   7.9000000e+01   0.0000000e+00   0.0000000e+00   1.0000000e+00   7.9891566e+01   1.3877153e+02   3.6554899e+01   0.0000000e+00
   0.0000000e+00   5.5000000e+01   1.0000000e+00   0.0000000e+00   2.0000000e+00   8.3158612e+01   1.3020648e+02   3.7555954e+01   0.0000000e+00
   1.0000000e+00   5.0000000e+01   1.0000000e+00   0.0000000e+00   0.0000000e+00   5.0264887e+01   1.2669139e+02   3.7187094e+01   0.0000000e+00
   0.0000000e+00   6.3000000e+01   0.0000000e+00   1.0000000e+00   2.0000000e+00   8.7396553e+01   1.4384285e+02   3.6694305e+01   0.0000000e+00
   0.0000000e+00   4.5000000e+01   0.0000000e+00   1.0000000e+00   0.0000000e+00   6.1758204e+01   1.2913703e+02   3.7555388e+01   0.0000000e+00
   1.0000000e+00   6.5000000e+01   1.0000000e+00   1.0000000e+00   0.0000000e+00   5.5991511e+01   1.4104333e+02   3.7759205e+01   0.0000000e+00
   0.0000000e+00   7.5000000e+01   1.0000000e+00   1.0000000e+00   1.0000000e+00   6.6206420e+01   1.5027189e+02   3.8681942e+01   0.0000000e+00
   1.0000000e+00   6.8000000e+01   0.0000000e+00   0.0000000e+00   3.0000000e+00   4.8037098e+01   1.5061153e+02   3.7907109e+01   1.0000000e+00
   1.0000000e+00   4.2000000e+01   1.0000000e+00   0.0000000e+00   0.0000000e+00   7.2235195e+01   1.5957018e+02   3.6692613e+01   0.0000000e+00
   1.0000000e+00   5.9000000e+01   0.0000000e+00   1.0000000e+00   2.0000000e+00   7.9606537e+01   1.3591405e+02   3.6231726e+01   0.0000000e+00
   1.0000000e+00   6.1000000e+01   1.0000000e+00   0.0000000e+00   0.0000000e+00   4.8784216e+01   1.6144392e+02   3.7856760e+01   1.0000000e+00
   1.0000000e+00   8.7000000e+01   0.0000000e+00   1.0000000e+00   3.0000000e+00   6.7855538e+01   1.6244031e+02   3.6775725e+01   0.0000000e+00
   0.0000000e+00   7.6000000e+01   1.0000000e+00   1.0000000e+00   2.0000000e+00   6.4575730e+01   1.1686107e+02   3.7201741e+01   0.0000000e+00
   1.0000000e+00   6.4000000e+01   1.0000000e+00   0.0000000e+00   3.0000000e+00   5.3175157e+01   1.5169618e+02   3.7316459e+01   1.0000000e+00
   1.0000000e+00   8.1000000e+01   1.0000000e+00   0.0000000e+00   2.0000000e+00   5.9874071e+01   1.1975381e+02   3.8287068e+01   1.0000000e+00
   0.0000000e+00   5.2000000e+01   0.0000000e+00   1.0000000e+00   2.0000000e+00   5.5682897e+01   1.2739658e+02   3.8170580e+01   0.0000000e+00
   0.0000000e+00   6.1000000e+01   1.0000000e+00   0.0000000e+00   0.0000000e+00   4.3654449e+01   1.4936701e+02   3.7333739e+01   0.0000000e+00
   1.0000000e+00   8.2000000e+01   1.0000000e+00   0.0000000e+00   2.0000000e+00   2.2374034e+02   1.2571246e+02   3.9113088e+01   1.0000000e+00
   1.0000000e+00   8.3000000e+01   1.0000000e+00   1.0000000e+00   3.0000000e+00   4.8420193e+01   1.2625361e+02   3.8112822e+01   0.0000000e+00
   0.0000000e+00   7.4000000e+01   1.0000000e+00   0.0000000e+00   0.0000000e+00   8.8315983e+01   1.5837076e+02   3.7092580e+01   0.0000000e+00
   1.0000000e+00   7.1000000e+01   1.0000000e+00   0.0000000e+00   2.0000000e+00   8.9574628e+01   1.4776045e+02   3.6768537e+01   1.0000000e+00
   0.0000000e+00   5.8000000e+01   0.0000000e+00   0.0000000e+00   3.0000000e+00   7.2175900e+01   1.3270738e+02   3.8816384e+01   1.0000000e+00
   0.0000000e+00   7.4000000e+01   1.0000000e+00   0.0000000e+00   1.0000000e+00   6.2408263e+01   1.4441545e+02   3.6377976e+01   0.0000000e+00
   1.0000000e+00   5.5000000e+01   0.0000000e+00   0.0000000e+00   1.0000000e+00   6.2540016e+01   1.5223687e+02   3.7943581e+01   0.0000000e+00
   0.0000000e+00   7.2000000e+01   0.0000000e+00   0.0000000e+00   3.0000000e+00   8.0516435e+01   1.4916801e+02   3.7857972e+01   1.0000000e+00
   0.0000000e+00   6.8000000e+01   0.0000000e+00   1.0000000e+00   2.0000000e+00   8.0972404e+01   1.1729544e+02   3.7943098e+01   0.0000000e+00
   1.0000000e+00   7.9000000e+01   1.0000000e+00   0.0000000e+00   1.0000000e+00   1.7845576e+02   1.4883780e+02   3.7017005e+01   1.0000000e+00
   1.0000000e+00   6.0000000e+01   1.0000000e+00   0.0000000e+00   0.0000000e+00   4.3486353e+01   1.3993206e+02   3.6786617e+01   0.0000000e+00
   0.0000000e+00   7.3000000e+01   0.0000000e+00   0.0000000e+00   0.0000000e+00   6.6695512e+01   1.3415156e+02   3.8894112e+01   0.0000000e+00
   1.0000000e+00   7.5000000e+01   0.0000000e+00   1.0000000e+00   2.0000000e+00   5.8982618e+01   1.4241234e+02   3.7835518e+01   0.0000000e+00
   0.0000000e+00   5.4000000e+01   0.0000000e+00   0.0000000e+00   0.0000000e+00   6.9185080e+01   1.1705695e+02   3.7880411e+01   0.0000000e+00
   0.0000000e+00   6.7000000e+01   0.0000000e+00   0.0000000e+00   2.0000000e+00   5.0663983e+01   1.3206478e+02   3.8817721e+01   0.0000000e+00
   0.0000000e+00   8.4000000e+01   0.0000000e+00   0.0000000e+00   1.0000000e+00   6.2692139e+01   1.1763027e+02   3.5935242e+01   0.0000000e+00
   1.0000000e+00   6.6000000e+01   0.0000000e+00   0.0000000e+00   0.0000000e+00   7.9494426e+01   1.5596203e+02   3.6598145e+01   0.0000000e+00
   0.0000000e+00   6.1000000e+01   0.0000000e+00   0.0000000e+00   3.0000000e+00   3.9762622e+01   1.6015414e+02   3.7117940e+01   0.0000000e+00
   0.0000000e+00   7.0000000e+01   0.0000000e+00   0.0000000e+00   0.0000000e+00   6.8439476e+01   1.4036103e+02   3.5971743e+01   0.0000000e+00
   0.0000000e+00   6.2000000e+01   1.0000000e+00   1.0000000e+00   1.0000000e+00   5.2861793e+01   1.3153430e+02   3.8038000e+01   0.0000000e+00
   1.0000000e+00   7.0000000e+01   0.0000000e+00   1.0000000e+00   1.0000000e+00   4.2648879e+01   1.2365611e+02   3.8923745e+01   0.0000000e+00
   1.0000000e+00   6.3000000e+01   0.0000000e+00   1.0000000e+00   1.0000000e+00   7.7651398e+01   1.3795852e+02   3.7667650e+01   0.0000000e+00
   0.0000000e+00   6.5000000e+01   1.0000000e+00   0.0000000e+00   2.0000000e+00   8.4643707e+01   1.1958921e+02   3.8268362e+01   1.0000000e+00
   0.0000000e+00   7.1000000e+01   1.0000000e+00   1.0000000e+00   3.0000000e+00   8.4772306e+01   1.4895185e+02   3.6325109e+01   0.0000000e+00
   0.0000000e+00   8.1000000e+01   1.0000000e+00   0.0000000e+00   0.0000000e+00   8.5554947e+01   1.2322291e+02   3.7231319e+01   0.0000000e+00
   1.0000000e+00   7.0000000e+01   1.0000000e+00   1.0000000e+00   2.0000000e+00   5.7407258e+01   1.1860048e+02   3.7718498e+01   0.0000000e+00
   1.0000000e+00   8.5000000e+01   0.0000000e+00   0.0000000e+00   1.0000000e+00   5.3412987e+01   1.2502254e+02   3.7014130e+01   0.0000000e+00
   1.0000000e+00   4.1000000e+01   1.0000000e+00   1.0000000e+00   1.0000000e+00   7.5306453e+01   1.2475108e+02   3.6998004e+01   0.0000000e+00
   0.0000000e+00   6.0000000e+01   0.0000000e+00   0.0000000e+00   2.0000000e+00   6.3637011e+01   1.2111314e+02   3.5996115e+01   0.0000000e+00
   1.0000000e+00   6.8000000e+01   1.0000000e+00   0.0000000e+00   0.0000000e+00   6.1055906e+01   1.4223612e+02   3.7717368e+01   1.0000000e+00
   0.0000000e+00   5.5000000e+01   1.0000000e+00   0.0000000e+00   1.0000000e+00   8.9110977e+01   1.3733184e+02   3.6414355e+01   0.0000000e+00
   1.0000000e+00   5.0000000e+01   0.0000000e+00   1.0000000e+00   3.0000000e+00   6.6538833e+01   1.2139619e+02   3.7862138e+01   0.0000000e+00
   0.0000000e+00   7.2000000e+01   1.0000000e+00   0.0000000e+00   2.0000000e+00   4.4004598e+01   1.5012055e+02   3.6446061e+01   0.0000000e+00
   1.0000000e+00   7.2000000e+01   0.0000000e+00   0.0000000e+00   1.0000000e+00   4.9086527e+01   1.5032636e+02   3.8273449e+01   1.0000000e+00
   0.0000000e+00   6.8000000e+01   0.0000000e+00   0.0000000e+00   2.0000000e+00   5.2105399e+01   1.2826409e+02   3.7907920e+01   1.0000000e+00
   1.0000000e+00   7.0000000e+01   1.0000000e+00   1.0000000e+00   3.0000000e+00   4.8566637e+01   1.5002128e+02   3.7272617e+01   0.0000000e+00
   1.0000000e+00   5.5000000e+01   1.0000000e+00   1.0000000e+00   3.0000000e+00   5.2546949e+01   1.2579256e+02   3.6389238e+01   0.0000000e+00
   0.0000000e+00   5.9000000e+01   1.0000000e+00   1.0000000e+00   2.0000000e+00   5.4301967e+01   1.5541214e+02   3.6798877e+01   0.0000000e+00
   1.0000000e+00   6.4000000e+01   1.0000000e+00   1.0000000e+00   2.0000000e+00   5.6206702e+01   1.2305679e+02   3.7319191e+01   0.0000000e+00
   1.0000000e+00   5.7000000e+01   0.0000000e+00   0.0000000e+00   0.0000000e+00   5.4318943e+01   1.1944226e+02   3.6755816e+01   0.0000000e+00
   0.0000000e+00   6.9000000e+01   1.0000000e+00   0.0000000e+00   1.0000000e+00   6.7754990e+01   1.5588015e+02   3.7752288e+01   0.0000000e+00
   0.0000000e+00   9.3000000e+01   1.0000000e+00   1.0000000e+00   2.0000000e+00   6.8927423e+01   1.5736345e+02   3.7760394e+01   0.0000000e+00
   1.0000000e+00   5.9000000e+01   0.0000000e+00   0.0000000e+00   1.0000000e+00   5.4858775e+01   1.2933333e+02   3.7870326e+01   1.0000000e+00
   1.0000000e+00   7.3000000e+01   0.0000000e+00   0.0000000e+00   1.0000000e+00   4.3626327e+01   1.2939702e+02   3.8879856e+01   1.0000000e+00
   0.0000000e+00   5.3000000e+01   1.0000000e+00   1.0000000e+00   3.0000000e+00   8.9066039e+01   1.5371966e+02   3.7300622e+01   0.0000000e+00
   0.0000000e+00   8.1000000e+01   1.0000000e+00   0.0000000e+00   2.0000000e+00   7.5809676e+01   1.2882264e+02   3.6208964e+01   0.0000000e+00
   1.0000000e+00   5.3000000e+01   0.0000000e+00   0.0000000e+00   2.0000000e+00   7.7726049e+01   1.4206153e+02   3.8093460e+01   1.0000000e+00
   1.0000000e+00   6.8000000e+01   1.0000000e+00   0.0000000e+00   3.0000000e+00   7.0027492e+01   1.2648307e+02   3.6274323e+01   1.0000000e+00
   1.0000000e+00   5.8000000e+01   0.0000000e+00   1.0000000e+00   1.0000000e+00   6.6316770e+01   1.2868723e+02   3.8378678e+01   1.0000000e+00
   1.0000000e+00   7.1000000e+01   1.0000000e+00   0.0000000e+00   1.0000000e+00   4.1714962e+01   1.1628271e+02   3.8136110e+01   1.0000000e+00
   0.0000000e+00   6.5000000e+01   0.0000000e+00   1.0000000e+00   0.0000000e+00   4.8642329e+01   1.5933421e+02   3.6698104e+01   0.0000000e+00
   1.0000000e+00   6.4000000e+01   1.0000000e+00   1.0000000e+00   3.0000000e+00   8.1571632e+01   1.6264090e+02   3.6674702e+01   0.0000000e+00
   0.0000000e+00   1.0000000e+02   0.0000000e+00   0.0000000e+00   2.0000000e+00   6.8449455e+01   1.3343062e+02   3.6721647e+01   0.0000000e+00
   0.0000000e+00   5.7000000e+01   1.0000000e+00   1.0000000e+00   2.0000000e+00   8.9297704e+01   1.6356935e+02   3.7839291e+01   0.0000000e+00
   0.0000000e+00   6.4000000e+01   1.0000000e+00   1.0000000e+00   1.0000000e+00   3.8000000e+01   1.4625533e+02   3.6814760e+01   0.0000000e+00
   1.0000000e+00   9.7000000e+01   0.0000000e+00   0.0000000e+00   0.0000000e+00   4.4798510e+01   1.6285631e+02   3.8481730e+01   0.0000000e+00
   1.0000000e+00   5.1000000e+01   1.0000000e+00   1.0000000e+00   2.0000000e+00   5.5243927e+01   1.3092541e+02   3.7008789e+01   0.0000000e+00
   1.0000000e+00   7.2000000e+01   0.0000000e+00   1.0000000e+00   2.0000000e+00   4.0987534e+01   1.5615395e+02   3.7635521e+01   0.0000000e+00
   0.0000000e+00   5.2000000e+01   0.0000000e+00   0.0000000e+00   2.0000000e+00   4.0934043e+01   1.3654242e+02   3.6359020e+01   0.0000000e+00
   0.0000000e+00   7.7000000e+01   0.0000000e+00   1.0000000e+00   0.0000000e+00   8.8879314e+01   1.6300378e+02   3.7706773e+01   0.0000000e+00
   1.0000000e+00   6.9000000e+01   0.0000000e+00   0.0000000e+00   3.0000000e+00   6.5903072e+01   1.3922783e+02   3.8654451e+01   1.0000000e+00
   1.0000000e+00   7.3000000e+01   0.0000000e+00   1.0000000e+00   3.0000000e+00   5.4417078e+01   1.2065184e+02   3.8094542e+01   0.0000000e+00
   0.0000000e+00   6.2000000e+01   0.0000000e+00   0.0000000e+00   3.0000000e+00   7.7292225e+01   1.4336892e+02   3.8066701e+01   1.0000000e+00
   1.0000000e+00   6.8000000e+01   0.0000000e+00   1.0000000e+00   2.0000000e+00   5.1377187e+01   1.5614207e+02   3.6523280e+01   0.0000000e+00
   0.0000000e+00   8.3000000e+01   1.0000000e+00   1.0000000e+00   0.0000000e+00   8.1089654e+01   1.6473990e+02   3.7429858e+01   0.0000000e+00
   0.0000000e+00   3.8000000e+01   1.0000000e+00   0.0000000e+00   3.0000000e+00   6.7480193e+01   1.5368636e+02   3.6996011e+01   0.0000000e+00
   1.0000000e+00   4.5000000e+01   1.0000000e+00   1.0000000e+00   0.0000000e+00   7.8491911e+01   1.5194631e+02   3.7388973e+01   1.0000000e+00
   1.0000000e+00   7.0000000e+01   1.0000000e+00   0.0000000e+00   1.0000000e+00   6.6936223e+01   1.4179004e+02   3.7673188e+01   0.0000000e+00
   1.0000000e+00   5.7000000e+01   0.0000000e+00   0.0000000e+00   2.0000000e+00   7.1198372e+01   1.4451415e+02   3.7229378e+01   1.0000000e+00
   1.0000000e+00   6.1000000e+01   1.0000000e+00   0.0000000e+00   3.0000000e+00   5.2655566e+01   1.6039442e+02   3.8551624e+01   1.0000000e+00
   0.0000000e+00   4.7000000e+01   1.0000000e+00   1.0000000e+00   3.0000000e+00   6.5139524e+01   1.4395787e+02   3.8353511e+01   0.0000000e+00
   1.0000000e+00   5.4000000e+01   1.0000000e+00   1.0000000e+00   3.0000000e+00   8.5188148e+01   1.3303934e+02   3.6119948e+01   0.0000000e+00
   1.0000000e+00   6.0000000e+01   1.0000000e+00   0.0000000e+00   1.0000000e+00   7.2236092e+01   1.3537860e+02   3.6099066e+01   0.0000000e+00
   0.0000000e+00   5.6000000e+01   1.0000000e+00   0.0000000e+00   1.0000000e+00   7.4460422e+01   1.4413974e+02   3.8274403e+01   1.0000000e+00
   0.0000000e+00   5.5000000e+01   0.0000000e+00   1.0000000e+00   3.0000000e+00   4.3010392e+01   1.1861472e+02   3.8173531e+01   0.0000000e+00
   1.0000000e+00   6.0000000e+01   0.0000000e+00   0.0000000e+00   2.0000000e+00   6.1320137e+01   1.3502002e+02   3.7818543e+01   1.0000000e+00
   0.0000000e+00   5.4000000e+01   1.0000000e+00   0.0000000e+00   3.0000000e+00   7.5681904e+01   1.3556123e+02   3.6380578e+01   0.0000000e+00
